match_id,season,start_date,venue,innings,ball,batting_team,bowling_team,striker,non_striker,bowler,runs_off_bat,extras,wides,noballs,byes,legbyes,penalty,wicket_type,player_dismissed,other_wicket_type,other_player_dismissed
1233958,2020/21,2020-12-11,Basin Reserve,1,0.1,New Zealand,West Indies,TWM Latham,TA Blundell,ST Gabriel,0,0,,,,,,,,,
1233958,2020/21,2020-12-11,Basin Reserve,1,0.2,New Zealand,West Indies,TWM Latham,TA Blundell,ST Gabriel,0,0,,,,,,,,,
1233958,2020/21,2020-12-11,Basin Reserve,1,0.3,New Zealand,West Indies,TWM Latham,TA Blundell,ST Gabriel,2,0,,,,,,,,,
1233958,2020/21,2020-12-11,Basin Reserve,1,0.4,New Zealand,West Indies,TWM Latham,TA Blundell,ST Gabriel,1,0,,,,,,,,,
1233958,2020/21,2020-12-11,Basin Reserve,1,0.5,New Zealand,West Indies,TA Blundell,TWM Latham,ST Gabriel,2,0,,,,,,,,,
1233958,2020/21,2020-12-11,Basin Reserve,1,0.6,New Zealand,West Indies,TA Blundell,TWM Latham,ST Gabriel,4,0,,,,,,,,,
1233958,2020/21,2020-12-11,Basin Reserve,1,1.1,New Zealand,West Indies,TWM Latham,TA Blundell,JO Holder,0,0,,,,,,,,,
1233958,2020/21,2020-12-11,Basin Reserve,1,1.2,New Zealand,West Indies,TWM Latham,TA Blundell,JO Holder,1,0,,,,,,,,,
1233958,2020/21,2020-12-11,Basin Reserve,1,1.3,New Zealand,West Indies,TA Blundell,TWM Latham,JO Holder,0,0,,,,,,,,,
1233958,2020/21,2020-12-11,Basin Reserve,1,1.4,New Zealand,West Indies,TA Blundell,TWM Latham,JO Holder,0,0,,,,,,,,,
1233958,2020/21,2020-12-11,Basin Reserve,1,1.5,New Zealand,West Indies,TA Blundell,TWM Latham,JO Holder,0,0,,,,,,,,,
1233958,2020/21,2020-12-11,Basin Reserve,1,1.6,New Zealand,West Indies,TA Blundell,TWM Latham,JO Holder,0,0,,,,,,,,,
1233958,2020/21,2020-12-11,Basin Reserve,1,2.1,New Zealand,West Indies,TWM Latham,TA Blundell,ST Gabriel,4,0,,,,,,,,,
1233958,2020/21,2020-12-11,Basin Reserve,1,2.2,New Zealand,West Indies,TWM Latham,TA Blundell,ST Gabriel,1,0,,,,,,,,,
1233958,2020/21,2020-12-11,Basin Reserve,1,2.3,New Zealand,West Indies,TA Blundell,TWM Latham,ST Gabriel,3,0,,,,,,,,,
1233958,2020/21,2020-12-11,Basin Reserve,1,2.4,New Zealand,West Indies,TWM Latham,TA Blundell,ST Gabriel,4,0,,,,,,,,,
1233958,2020/21,2020-12-11,Basin Reserve,1,2.5,New Zealand,West Indies,TWM Latham,TA Blundell,ST Gabriel,0,0,,,,,,,,,
1233958,2020/21,2020-12-11,Basin Reserve,1,2.6,New Zealand,West Indies,TWM Latham,TA Blundell,ST Gabriel,0,0,,,,,,,,,
1233958,2020/21,2020-12-11,Basin Reserve,1,3.1,New Zealand,West Indies,TA Blundell,TWM Latham,JO Holder,0,0,,,,,,,,,
1233958,2020/21,2020-12-11,Basin Reserve,1,3.2,New Zealand,West Indies,TA Blundell,TWM Latham,JO Holder,0,0,,,,,,,,,
1233958,2020/21,2020-12-11,Basin Reserve,1,3.3,New Zealand,West Indies,TA Blundell,TWM Latham,JO Holder,0,0,,,,,,,,,
1233958,2020/21,2020-12-11,Basin Reserve,1,3.4,New Zealand,West Indies,TA Blundell,TWM Latham,JO Holder,0,0,,,,,,,,,
1233958,2020/21,2020-12-11,Basin Reserve,1,3.5,New Zealand,West Indies,TA Blundell,TWM Latham,JO Holder,0,0,,,,,,,,,
1233958,2020/21,2020-12-11,Basin Reserve,1,3.6,New Zealand,West Indies,TA Blundell,TWM Latham,JO Holder,0,0,,,,,,,,,
1233958,2020/21,2020-12-11,Basin Reserve,1,4.1,New Zealand,West Indies,TWM Latham,TA Blundell,ST Gabriel,0,0,,,,,,,,,
1233958,2020/21,2020-12-11,Basin Reserve,1,4.2,New Zealand,West Indies,TWM Latham,TA Blundell,ST Gabriel,0,0,,,,,,,,,
1233958,2020/21,2020-12-11,Basin Reserve,1,4.3,New Zealand,West Indies,TWM Latham,TA Blundell,ST Gabriel,0,0,,,,,,,,,
1233958,2020/21,2020-12-11,Basin Reserve,1,4.4,New Zealand,West Indies,TWM Latham,TA Blundell,ST Gabriel,0,0,,,,,,,,,
1233958,2020/21,2020-12-11,Basin Reserve,1,4.5,New Zealand,West Indies,TWM Latham,TA Blundell,ST Gabriel,0,0,,,,,,,,,
1233958,2020/21,2020-12-11,Basin Reserve,1,4.6,New Zealand,West Indies,TWM Latham,TA Blundell,ST Gabriel,0,0,,,,,,,,,
1233958,2020/21,2020-12-11,Basin Reserve,1,5.1,New Zealand,West Indies,TA Blundell,TWM Latham,JO Holder,1,0,,,,,,,,,
1233958,2020/21,2020-12-11,Basin Reserve,1,5.2,New Zealand,West Indies,TWM Latham,TA Blundell,JO Holder,0,0,,,,,,,,,
1233958,2020/21,2020-12-11,Basin Reserve,1,5.3,New Zealand,West Indies,TWM Latham,TA Blundell,JO Holder,0,0,,,,,,,,,
1233958,2020/21,2020-12-11,Basin Reserve,1,5.4,New Zealand,West Indies,TWM Latham,TA Blundell,JO Holder,4,0,,,,,,,,,
1233958,2020/21,2020-12-11,Basin Reserve,1,5.5,New Zealand,West Indies,TWM Latham,TA Blundell,JO Holder,0,0,,,,,,,,,
1233958,2020/21,2020-12-11,Basin Reserve,1,5.6,New Zealand,West Indies,TWM Latham,TA Blundell,JO Holder,0,0,,,,,,,,,
1233958,2020/21,2020-12-11,Basin Reserve,1,6.1,New Zealand,West Indies,TA Blundell,TWM Latham,ST Gabriel,0,0,,,,,,,,,
1233958,2020/21,2020-12-11,Basin Reserve,1,6.2,New Zealand,West Indies,TA Blundell,TWM Latham,ST Gabriel,0,0,,,,,,,,,
1233958,2020/21,2020-12-11,Basin Reserve,1,6.3,New Zealand,West Indies,TA Blundell,TWM Latham,ST Gabriel,0,0,,,,,,,,,
1233958,2020/21,2020-12-11,Basin Reserve,1,6.4,New Zealand,West Indies,TA Blundell,TWM Latham,ST Gabriel,4,0,,,,,,,,,
1233958,2020/21,2020-12-11,Basin Reserve,1,6.5,New Zealand,West Indies,TA Blundell,TWM Latham,ST Gabriel,0,0,,,,,,bowled,TA Blundell,,
1233958,2020/21,2020-12-11,Basin Reserve,1,6.6,New Zealand,West Indies,WA Young,TWM Latham,ST Gabriel,0,0,,,,,,,,,
1233958,2020/21,2020-12-11,Basin Reserve,1,7.1,New Zealand,West Indies,TWM Latham,WA Young,JO Holder,0,0,,,,,,,,,
1233958,2020/21,2020-12-11,Basin Reserve,1,7.2,New Zealand,West Indies,TWM Latham,WA Young,JO Holder,0,0,,,,,,,,,
1233958,2020/21,2020-12-11,Basin Reserve,1,7.3,New Zealand,West Indies,TWM Latham,WA Young,JO Holder,0,0,,,,,,,,,
1233958,2020/21,2020-12-11,Basin Reserve,1,7.4,New Zealand,West Indies,TWM Latham,WA Young,JO Holder,3,0,,,,,,,,,
1233958,2020/21,2020-12-11,Basin Reserve,1,7.5,New Zealand,West Indies,WA Young,TWM Latham,JO Holder,0,0,,,,,,,,,
1233958,2020/21,2020-12-11,Basin Reserve,1,7.6,New Zealand,West Indies,WA Young,TWM Latham,JO Holder,0,0,,,,,,,,,
1233958,2020/21,2020-12-11,Basin Reserve,1,8.1,New Zealand,West Indies,TWM Latham,WA Young,ST Gabriel,0,0,,,,,,,,,
1233958,2020/21,2020-12-11,Basin Reserve,1,8.2,New Zealand,West Indies,TWM Latham,WA Young,ST Gabriel,0,0,,,,,,,,,
1233958,2020/21,2020-12-11,Basin Reserve,1,8.3,New Zealand,West Indies,TWM Latham,WA Young,ST Gabriel,0,0,,,,,,,,,
1233958,2020/21,2020-12-11,Basin Reserve,1,8.4,New Zealand,West Indies,TWM Latham,WA Young,ST Gabriel,0,0,,,,,,,,,
1233958,2020/21,2020-12-11,Basin Reserve,1,8.5,New Zealand,West Indies,TWM Latham,WA Young,ST Gabriel,0,0,,,,,,,,,
1233958,2020/21,2020-12-11,Basin Reserve,1,8.6,New Zealand,West Indies,TWM Latham,WA Young,ST Gabriel,0,0,,,,,,,,,
1233958,2020/21,2020-12-11,Basin Reserve,1,9.1,New Zealand,West Indies,WA Young,TWM Latham,JO Holder,0,0,,,,,,,,,
1233958,2020/21,2020-12-11,Basin Reserve,1,9.2,New Zealand,West Indies,WA Young,TWM Latham,JO Holder,4,0,,,,,,,,,
1233958,2020/21,2020-12-11,Basin Reserve,1,9.3,New Zealand,West Indies,WA Young,TWM Latham,JO Holder,0,0,,,,,,,,,
1233958,2020/21,2020-12-11,Basin Reserve,1,9.4,New Zealand,West Indies,WA Young,TWM Latham,JO Holder,0,0,,,,,,,,,
1233958,2020/21,2020-12-11,Basin Reserve,1,9.5,New Zealand,West Indies,WA Young,TWM Latham,JO Holder,0,0,,,,,,,,,
1233958,2020/21,2020-12-11,Basin Reserve,1,9.6,New Zealand,West Indies,WA Young,TWM Latham,JO Holder,1,0,,,,,,,,,
1233958,2020/21,2020-12-11,Basin Reserve,1,10.1,New Zealand,West Indies,WA Young,TWM Latham,ST Gabriel,0,0,,,,,,,,,
1233958,2020/21,2020-12-11,Basin Reserve,1,10.2,New Zealand,West Indies,WA Young,TWM Latham,ST Gabriel,0,0,,,,,,,,,
1233958,2020/21,2020-12-11,Basin Reserve,1,10.3,New Zealand,West Indies,WA Young,TWM Latham,ST Gabriel,0,0,,,,,,,,,
1233958,2020/21,2020-12-11,Basin Reserve,1,10.4,New Zealand,West Indies,WA Young,TWM Latham,ST Gabriel,2,0,,,,,,,,,
1233958,2020/21,2020-12-11,Basin Reserve,1,10.5,New Zealand,West Indies,WA Young,TWM Latham,ST Gabriel,0,0,,,,,,,,,
1233958,2020/21,2020-12-11,Basin Reserve,1,10.6,New Zealand,West Indies,WA Young,TWM Latham,ST Gabriel,0,0,,,,,,,,,
1233958,2020/21,2020-12-11,Basin Reserve,1,11.1,New Zealand,West Indies,TWM Latham,WA Young,JO Holder,0,0,,,,,,,,,
1233958,2020/21,2020-12-11,Basin Reserve,1,11.2,New Zealand,West Indies,TWM Latham,WA Young,JO Holder,0,0,,,,,,,,,
1233958,2020/21,2020-12-11,Basin Reserve,1,11.3,New Zealand,West Indies,TWM Latham,WA Young,JO Holder,2,0,,,,,,,,,
1233958,2020/21,2020-12-11,Basin Reserve,1,11.4,New Zealand,West Indies,TWM Latham,WA Young,JO Holder,0,0,,,,,,,,,
1233958,2020/21,2020-12-11,Basin Reserve,1,11.5,New Zealand,West Indies,TWM Latham,WA Young,JO Holder,0,0,,,,,,,,,
1233958,2020/21,2020-12-11,Basin Reserve,1,11.6,New Zealand,West Indies,TWM Latham,WA Young,JO Holder,0,0,,,,,,,,,
1233958,2020/21,2020-12-11,Basin Reserve,1,12.1,New Zealand,West Indies,WA Young,TWM Latham,AS Joseph,4,0,,,,,,,,,
1233958,2020/21,2020-12-11,Basin Reserve,1,12.2,New Zealand,West Indies,WA Young,TWM Latham,AS Joseph,0,0,,,,,,,,,
1233958,2020/21,2020-12-11,Basin Reserve,1,12.3,New Zealand,West Indies,WA Young,TWM Latham,AS Joseph,1,0,,,,,,,,,
1233958,2020/21,2020-12-11,Basin Reserve,1,12.4,New Zealand,West Indies,TWM Latham,WA Young,AS Joseph,0,0,,,,,,,,,
1233958,2020/21,2020-12-11,Basin Reserve,1,12.5,New Zealand,West Indies,TWM Latham,WA Young,AS Joseph,0,0,,,,,,,,,
1233958,2020/21,2020-12-11,Basin Reserve,1,12.6,New Zealand,West Indies,TWM Latham,WA Young,AS Joseph,0,0,,,,,,,,,
1233958,2020/21,2020-12-11,Basin Reserve,1,13.1,New Zealand,West Indies,WA Young,TWM Latham,CK Holder,0,0,,,,,,,,,
1233958,2020/21,2020-12-11,Basin Reserve,1,13.2,New Zealand,West Indies,WA Young,TWM Latham,CK Holder,0,0,,,,,,,,,
1233958,2020/21,2020-12-11,Basin Reserve,1,13.3,New Zealand,West Indies,WA Young,TWM Latham,CK Holder,0,0,,,,,,,,,
1233958,2020/21,2020-12-11,Basin Reserve,1,13.4,New Zealand,West Indies,WA Young,TWM Latham,CK Holder,1,0,,,,,,,,,
1233958,2020/21,2020-12-11,Basin Reserve,1,13.5,New Zealand,West Indies,TWM Latham,WA Young,CK Holder,0,0,,,,,,,,,
1233958,2020/21,2020-12-11,Basin Reserve,1,13.6,New Zealand,West Indies,TWM Latham,WA Young,CK Holder,0,0,,,,,,,,,
1233958,2020/21,2020-12-11,Basin Reserve,1,14.1,New Zealand,West Indies,WA Young,TWM Latham,AS Joseph,0,0,,,,,,,,,
1233958,2020/21,2020-12-11,Basin Reserve,1,14.2,New Zealand,West Indies,WA Young,TWM Latham,AS Joseph,1,0,,,,,,,,,
1233958,2020/21,2020-12-11,Basin Reserve,1,14.3,New Zealand,West Indies,TWM Latham,WA Young,AS Joseph,0,0,,,,,,,,,
1233958,2020/21,2020-12-11,Basin Reserve,1,14.4,New Zealand,West Indies,TWM Latham,WA Young,AS Joseph,0,0,,,,,,,,,
1233958,2020/21,2020-12-11,Basin Reserve,1,14.5,New Zealand,West Indies,TWM Latham,WA Young,AS Joseph,0,0,,,,,,,,,
1233958,2020/21,2020-12-11,Basin Reserve,1,14.6,New Zealand,West Indies,TWM Latham,WA Young,AS Joseph,0,0,,,,,,,,,
1233958,2020/21,2020-12-11,Basin Reserve,1,15.1,New Zealand,West Indies,WA Young,TWM Latham,CK Holder,0,0,,,,,,,,,
1233958,2020/21,2020-12-11,Basin Reserve,1,15.2,New Zealand,West Indies,WA Young,TWM Latham,CK Holder,1,0,,,,,,,,,
1233958,2020/21,2020-12-11,Basin Reserve,1,15.3,New Zealand,West Indies,TWM Latham,WA Young,CK Holder,0,0,,,,,,,,,
1233958,2020/21,2020-12-11,Basin Reserve,1,15.4,New Zealand,West Indies,TWM Latham,WA Young,CK Holder,0,0,,,,,,,,,
1233958,2020/21,2020-12-11,Basin Reserve,1,15.5,New Zealand,West Indies,TWM Latham,WA Young,CK Holder,4,0,,,,,,,,,
1233958,2020/21,2020-12-11,Basin Reserve,1,15.6,New Zealand,West Indies,TWM Latham,WA Young,CK Holder,0,0,,,,,,,,,
1233958,2020/21,2020-12-11,Basin Reserve,1,16.1,New Zealand,West Indies,WA Young,TWM Latham,AS Joseph,4,0,,,,,,,,,
1233958,2020/21,2020-12-11,Basin Reserve,1,16.2,New Zealand,West Indies,WA Young,TWM Latham,AS Joseph,0,0,,,,,,,,,
1233958,2020/21,2020-12-11,Basin Reserve,1,16.3,New Zealand,West Indies,WA Young,TWM Latham,AS Joseph,0,0,,,,,,,,,
1233958,2020/21,2020-12-11,Basin Reserve,1,16.4,New Zealand,West Indies,WA Young,TWM Latham,AS Joseph,0,0,,,,,,,,,
1233958,2020/21,2020-12-11,Basin Reserve,1,16.5,New Zealand,West Indies,WA Young,TWM Latham,AS Joseph,3,0,,,,,,,,,
1233958,2020/21,2020-12-11,Basin Reserve,1,16.6,New Zealand,West Indies,TWM Latham,WA Young,AS Joseph,1,0,,,,,,,,,
1233958,2020/21,2020-12-11,Basin Reserve,1,17.1,New Zealand,West Indies,TWM Latham,WA Young,CK Holder,0,0,,,,,,caught,TWM Latham,,
1233958,2020/21,2020-12-11,Basin Reserve,1,17.2,New Zealand,West Indies,LRPL Taylor,WA Young,CK Holder,0,0,,,,,,,,,
1233958,2020/21,2020-12-11,Basin Reserve,1,17.3,New Zealand,West Indies,LRPL Taylor,WA Young,CK Holder,0,1,,,,1,,,,,
1233958,2020/21,2020-12-11,Basin Reserve,1,17.4,New Zealand,West Indies,WA Young,LRPL Taylor,CK Holder,0,0,,,,,,,,,
1233958,2020/21,2020-12-11,Basin Reserve,1,17.5,New Zealand,West Indies,WA Young,LRPL Taylor,CK Holder,0,1,,,,1,,,,,
1233958,2020/21,2020-12-11,Basin Reserve,1,17.6,New Zealand,West Indies,LRPL Taylor,WA Young,CK Holder,1,0,,,,,,,,,
1233958,2020/21,2020-12-11,Basin Reserve,1,18.1,New Zealand,West Indies,LRPL Taylor,WA Young,ST Gabriel,0,0,,,,,,,,,
1233958,2020/21,2020-12-11,Basin Reserve,1,18.2,New Zealand,West Indies,LRPL Taylor,WA Young,ST Gabriel,0,0,,,,,,,,,
1233958,2020/21,2020-12-11,Basin Reserve,1,18.3,New Zealand,West Indies,LRPL Taylor,WA Young,ST Gabriel,0,0,,,,,,,,,
1233958,2020/21,2020-12-11,Basin Reserve,1,18.4,New Zealand,West Indies,LRPL Taylor,WA Young,ST Gabriel,1,0,,,,,,,,,
1233958,2020/21,2020-12-11,Basin Reserve,1,18.5,New Zealand,West Indies,WA Young,LRPL Taylor,ST Gabriel,0,0,,,,,,,,,
1233958,2020/21,2020-12-11,Basin Reserve,1,18.6,New Zealand,West Indies,WA Young,LRPL Taylor,ST Gabriel,0,0,,,,,,,,,
1233958,2020/21,2020-12-11,Basin Reserve,1,19.1,New Zealand,West Indies,LRPL Taylor,WA Young,CK Holder,0,0,,,,,,,,,
1233958,2020/21,2020-12-11,Basin Reserve,1,19.2,New Zealand,West Indies,LRPL Taylor,WA Young,CK Holder,4,0,,,,,,,,,
1233958,2020/21,2020-12-11,Basin Reserve,1,19.3,New Zealand,West Indies,LRPL Taylor,WA Young,CK Holder,3,0,,,,,,,,,
1233958,2020/21,2020-12-11,Basin Reserve,1,19.4,New Zealand,West Indies,WA Young,LRPL Taylor,CK Holder,0,0,,,,,,,,,
1233958,2020/21,2020-12-11,Basin Reserve,1,19.5,New Zealand,West Indies,WA Young,LRPL Taylor,CK Holder,2,0,,,,,,,,,
1233958,2020/21,2020-12-11,Basin Reserve,1,19.6,New Zealand,West Indies,WA Young,LRPL Taylor,CK Holder,1,0,,,,,,,,,
1233958,2020/21,2020-12-11,Basin Reserve,1,20.1,New Zealand,West Indies,WA Young,LRPL Taylor,ST Gabriel,0,1,,,,1,,,,,
1233958,2020/21,2020-12-11,Basin Reserve,1,20.2,New Zealand,West Indies,LRPL Taylor,WA Young,ST Gabriel,0,0,,,,,,,,,
1233958,2020/21,2020-12-11,Basin Reserve,1,20.3,New Zealand,West Indies,LRPL Taylor,WA Young,ST Gabriel,0,0,,,,,,caught,LRPL Taylor,,
1233958,2020/21,2020-12-11,Basin Reserve,1,20.4,New Zealand,West Indies,HM Nicholls,WA Young,ST Gabriel,0,0,,,,,,,,,
1233958,2020/21,2020-12-11,Basin Reserve,1,20.5,New Zealand,West Indies,HM Nicholls,WA Young,ST Gabriel,0,0,,,,,,,,,
1233958,2020/21,2020-12-11,Basin Reserve,1,20.6,New Zealand,West Indies,HM Nicholls,WA Young,ST Gabriel,0,0,,,,,,,,,
1233958,2020/21,2020-12-11,Basin Reserve,1,21.1,New Zealand,West Indies,WA Young,HM Nicholls,CK Holder,0,1,,,1,,,,,,
1233958,2020/21,2020-12-11,Basin Reserve,1,21.2,New Zealand,West Indies,HM Nicholls,WA Young,CK Holder,2,0,,,,,,,,,
1233958,2020/21,2020-12-11,Basin Reserve,1,21.3,New Zealand,West Indies,HM Nicholls,WA Young,CK Holder,0,0,,,,,,,,,
1233958,2020/21,2020-12-11,Basin Reserve,1,21.4,New Zealand,West Indies,HM Nicholls,WA Young,CK Holder,0,0,,,,,,,,,
1233958,2020/21,2020-12-11,Basin Reserve,1,21.5,New Zealand,West Indies,HM Nicholls,WA Young,CK Holder,0,0,,,,,,,,,
1233958,2020/21,2020-12-11,Basin Reserve,1,21.6,New Zealand,West Indies,HM Nicholls,WA Young,CK Holder,0,0,,,,,,,,,
1233958,2020/21,2020-12-11,Basin Reserve,1,22.1,New Zealand,West Indies,WA Young,HM Nicholls,ST Gabriel,0,0,,,,,,,,,
1233958,2020/21,2020-12-11,Basin Reserve,1,22.2,New Zealand,West Indies,WA Young,HM Nicholls,ST Gabriel,0,0,,,,,,,,,
1233958,2020/21,2020-12-11,Basin Reserve,1,22.3,New Zealand,West Indies,WA Young,HM Nicholls,ST Gabriel,1,0,,,,,,,,,
1233958,2020/21,2020-12-11,Basin Reserve,1,22.4,New Zealand,West Indies,HM Nicholls,WA Young,ST Gabriel,0,0,,,,,,,,,
1233958,2020/21,2020-12-11,Basin Reserve,1,22.5,New Zealand,West Indies,HM Nicholls,WA Young,ST Gabriel,0,0,,,,,,,,,
1233958,2020/21,2020-12-11,Basin Reserve,1,22.6,New Zealand,West Indies,HM Nicholls,WA Young,ST Gabriel,0,0,,,,,,,,,
1233958,2020/21,2020-12-11,Basin Reserve,1,23.1,New Zealand,West Indies,WA Young,HM Nicholls,AS Joseph,0,0,,,,,,,,,
1233958,2020/21,2020-12-11,Basin Reserve,1,23.2,New Zealand,West Indies,WA Young,HM Nicholls,AS Joseph,0,0,,,,,,,,,
1233958,2020/21,2020-12-11,Basin Reserve,1,23.3,New Zealand,West Indies,WA Young,HM Nicholls,AS Joseph,0,0,,,,,,,,,
1233958,2020/21,2020-12-11,Basin Reserve,1,23.4,New Zealand,West Indies,WA Young,HM Nicholls,AS Joseph,1,0,,,,,,,,,
1233958,2020/21,2020-12-11,Basin Reserve,1,23.5,New Zealand,West Indies,HM Nicholls,WA Young,AS Joseph,0,0,,,,,,,,,
1233958,2020/21,2020-12-11,Basin Reserve,1,23.6,New Zealand,West Indies,HM Nicholls,WA Young,AS Joseph,1,0,,,,,,,,,
1233958,2020/21,2020-12-11,Basin Reserve,1,24.1,New Zealand,West Indies,HM Nicholls,WA Young,JO Holder,0,0,,,,,,,,,
1233958,2020/21,2020-12-11,Basin Reserve,1,24.2,New Zealand,West Indies,HM Nicholls,WA Young,JO Holder,0,0,,,,,,,,,
1233958,2020/21,2020-12-11,Basin Reserve,1,24.3,New Zealand,West Indies,HM Nicholls,WA Young,JO Holder,0,0,,,,,,,,,
1233958,2020/21,2020-12-11,Basin Reserve,1,24.4,New Zealand,West Indies,HM Nicholls,WA Young,JO Holder,2,0,,,,,,,,,
1233958,2020/21,2020-12-11,Basin Reserve,1,24.5,New Zealand,West Indies,HM Nicholls,WA Young,JO Holder,3,0,,,,,,,,,
1233958,2020/21,2020-12-11,Basin Reserve,1,24.6,New Zealand,West Indies,WA Young,HM Nicholls,JO Holder,0,0,,,,,,,,,
1233958,2020/21,2020-12-11,Basin Reserve,1,25.1,New Zealand,West Indies,HM Nicholls,WA Young,AS Joseph,0,0,,,,,,,,,
1233958,2020/21,2020-12-11,Basin Reserve,1,25.2,New Zealand,West Indies,HM Nicholls,WA Young,AS Joseph,0,0,,,,,,,,,
1233958,2020/21,2020-12-11,Basin Reserve,1,25.3,New Zealand,West Indies,HM Nicholls,WA Young,AS Joseph,4,0,,,,,,,,,
1233958,2020/21,2020-12-11,Basin Reserve,1,25.4,New Zealand,West Indies,HM Nicholls,WA Young,AS Joseph,0,0,,,,,,,,,
1233958,2020/21,2020-12-11,Basin Reserve,1,25.5,New Zealand,West Indies,HM Nicholls,WA Young,AS Joseph,0,0,,,,,,,,,
1233958,2020/21,2020-12-11,Basin Reserve,1,25.6,New Zealand,West Indies,HM Nicholls,WA Young,AS Joseph,0,0,,,,,,,,,
1233958,2020/21,2020-12-11,Basin Reserve,1,26.1,New Zealand,West Indies,WA Young,HM Nicholls,JO Holder,0,0,,,,,,,,,
1233958,2020/21,2020-12-11,Basin Reserve,1,26.2,New Zealand,West Indies,WA Young,HM Nicholls,JO Holder,0,0,,,,,,,,,
1233958,2020/21,2020-12-11,Basin Reserve,1,26.3,New Zealand,West Indies,WA Young,HM Nicholls,JO Holder,1,0,,,,,,,,,
1233958,2020/21,2020-12-11,Basin Reserve,1,26.4,New Zealand,West Indies,HM Nicholls,WA Young,JO Holder,0,0,,,,,,,,,
1233958,2020/21,2020-12-11,Basin Reserve,1,26.5,New Zealand,West Indies,HM Nicholls,WA Young,JO Holder,4,0,,,,,,,,,
1233958,2020/21,2020-12-11,Basin Reserve,1,26.6,New Zealand,West Indies,HM Nicholls,WA Young,JO Holder,0,1,,,,1,,,,,
1233958,2020/21,2020-12-11,Basin Reserve,1,27.1,New Zealand,West Indies,HM Nicholls,WA Young,AS Joseph,4,0,,,,,,,,,
1233958,2020/21,2020-12-11,Basin Reserve,1,27.2,New Zealand,West Indies,HM Nicholls,WA Young,AS Joseph,1,0,,,,,,,,,
1233958,2020/21,2020-12-11,Basin Reserve,1,27.3,New Zealand,West Indies,WA Young,HM Nicholls,AS Joseph,0,0,,,,,,,,,
1233958,2020/21,2020-12-11,Basin Reserve,1,27.4,New Zealand,West Indies,WA Young,HM Nicholls,AS Joseph,1,0,,,,,,,,,
1233958,2020/21,2020-12-11,Basin Reserve,1,27.5,New Zealand,West Indies,HM Nicholls,WA Young,AS Joseph,0,0,,,,,,,,,
1233958,2020/21,2020-12-11,Basin Reserve,1,27.6,New Zealand,West Indies,HM Nicholls,WA Young,AS Joseph,1,0,,,,,,,,,
1233958,2020/21,2020-12-11,Basin Reserve,1,28.1,New Zealand,West Indies,HM Nicholls,WA Young,JO Holder,0,0,,,,,,,,,
1233958,2020/21,2020-12-11,Basin Reserve,1,28.2,New Zealand,West Indies,HM Nicholls,WA Young,JO Holder,0,0,,,,,,,,,
1233958,2020/21,2020-12-11,Basin Reserve,1,28.3,New Zealand,West Indies,HM Nicholls,WA Young,JO Holder,0,1,,,,1,,,,,
1233958,2020/21,2020-12-11,Basin Reserve,1,28.4,New Zealand,West Indies,WA Young,HM Nicholls,JO Holder,0,0,,,,,,,,,
1233958,2020/21,2020-12-11,Basin Reserve,1,28.5,New Zealand,West Indies,WA Young,HM Nicholls,JO Holder,0,0,,,,,,,,,
1233958,2020/21,2020-12-11,Basin Reserve,1,28.6,New Zealand,West Indies,WA Young,HM Nicholls,JO Holder,0,0,,,,,,,,,
1233958,2020/21,2020-12-11,Basin Reserve,1,29.1,New Zealand,West Indies,HM Nicholls,WA Young,AS Joseph,1,0,,,,,,,,,
1233958,2020/21,2020-12-11,Basin Reserve,1,29.2,New Zealand,West Indies,WA Young,HM Nicholls,AS Joseph,0,0,,,,,,,,,
1233958,2020/21,2020-12-11,Basin Reserve,1,29.3,New Zealand,West Indies,WA Young,HM Nicholls,AS Joseph,2,0,,,,,,,,,
1233958,2020/21,2020-12-11,Basin Reserve,1,29.4,New Zealand,West Indies,WA Young,HM Nicholls,AS Joseph,0,0,,,,,,,,,
1233958,2020/21,2020-12-11,Basin Reserve,1,29.5,New Zealand,West Indies,WA Young,HM Nicholls,AS Joseph,0,0,,,,,,,,,
1233958,2020/21,2020-12-11,Basin Reserve,1,29.6,New Zealand,West Indies,WA Young,HM Nicholls,AS Joseph,4,0,,,,,,,,,
1233958,2020/21,2020-12-11,Basin Reserve,1,30.1,New Zealand,West Indies,HM Nicholls,WA Young,JO Holder,0,0,,,,,,,,,
1233958,2020/21,2020-12-11,Basin Reserve,1,30.2,New Zealand,West Indies,HM Nicholls,WA Young,JO Holder,0,0,,,,,,,,,
1233958,2020/21,2020-12-11,Basin Reserve,1,30.3,New Zealand,West Indies,HM Nicholls,WA Young,JO Holder,0,0,,,,,,,,,
1233958,2020/21,2020-12-11,Basin Reserve,1,30.4,New Zealand,West Indies,HM Nicholls,WA Young,JO Holder,4,0,,,,,,,,,
1233958,2020/21,2020-12-11,Basin Reserve,1,30.5,New Zealand,West Indies,HM Nicholls,WA Young,JO Holder,0,0,,,,,,,,,
1233958,2020/21,2020-12-11,Basin Reserve,1,30.6,New Zealand,West Indies,HM Nicholls,WA Young,JO Holder,0,0,,,,,,,,,
1233958,2020/21,2020-12-11,Basin Reserve,1,31.1,New Zealand,West Indies,WA Young,HM Nicholls,AS Joseph,0,0,,,,,,,,,
1233958,2020/21,2020-12-11,Basin Reserve,1,31.2,New Zealand,West Indies,WA Young,HM Nicholls,AS Joseph,0,0,,,,,,,,,
1233958,2020/21,2020-12-11,Basin Reserve,1,31.3,New Zealand,West Indies,WA Young,HM Nicholls,AS Joseph,0,0,,,,,,,,,
1233958,2020/21,2020-12-11,Basin Reserve,1,31.4,New Zealand,West Indies,WA Young,HM Nicholls,AS Joseph,0,0,,,,,,,,,
1233958,2020/21,2020-12-11,Basin Reserve,1,31.5,New Zealand,West Indies,WA Young,HM Nicholls,AS Joseph,0,0,,,,,,,,,
1233958,2020/21,2020-12-11,Basin Reserve,1,31.6,New Zealand,West Indies,WA Young,HM Nicholls,AS Joseph,0,0,,,,,,,,,
1233958,2020/21,2020-12-11,Basin Reserve,1,32.1,New Zealand,West Indies,HM Nicholls,WA Young,JO Holder,0,0,,,,,,,,,
1233958,2020/21,2020-12-11,Basin Reserve,1,32.2,New Zealand,West Indies,HM Nicholls,WA Young,JO Holder,0,0,,,,,,,,,
1233958,2020/21,2020-12-11,Basin Reserve,1,32.3,New Zealand,West Indies,HM Nicholls,WA Young,JO Holder,1,0,,,,,,,,,
1233958,2020/21,2020-12-11,Basin Reserve,1,32.4,New Zealand,West Indies,WA Young,HM Nicholls,JO Holder,1,0,,,,,,,,,
1233958,2020/21,2020-12-11,Basin Reserve,1,32.5,New Zealand,West Indies,HM Nicholls,WA Young,JO Holder,0,0,,,,,,,,,
1233958,2020/21,2020-12-11,Basin Reserve,1,32.6,New Zealand,West Indies,HM Nicholls,WA Young,JO Holder,0,0,,,,,,,,,
1233958,2020/21,2020-12-11,Basin Reserve,1,33.1,New Zealand,West Indies,WA Young,HM Nicholls,AS Joseph,1,0,,,,,,,,,
1233958,2020/21,2020-12-11,Basin Reserve,1,33.2,New Zealand,West Indies,HM Nicholls,WA Young,AS Joseph,0,0,,,,,,,,,
1233958,2020/21,2020-12-11,Basin Reserve,1,33.3,New Zealand,West Indies,HM Nicholls,WA Young,AS Joseph,0,0,,,,,,,,,
1233958,2020/21,2020-12-11,Basin Reserve,1,33.4,New Zealand,West Indies,HM Nicholls,WA Young,AS Joseph,0,0,,,,,,,,,
1233958,2020/21,2020-12-11,Basin Reserve,1,33.5,New Zealand,West Indies,HM Nicholls,WA Young,AS Joseph,0,1,1,,,,,,,,
1233958,2020/21,2020-12-11,Basin Reserve,1,33.6,New Zealand,West Indies,HM Nicholls,WA Young,AS Joseph,0,0,,,,,,,,,
1233958,2020/21,2020-12-11,Basin Reserve,1,33.7,New Zealand,West Indies,HM Nicholls,WA Young,AS Joseph,0,0,,,,,,,,,
1233958,2020/21,2020-12-11,Basin Reserve,1,34.1,New Zealand,West Indies,WA Young,HM Nicholls,JO Holder,0,0,,,,,,,,,
1233958,2020/21,2020-12-11,Basin Reserve,1,34.2,New Zealand,West Indies,WA Young,HM Nicholls,JO Holder,0,0,,,,,,,,,
1233958,2020/21,2020-12-11,Basin Reserve,1,34.3,New Zealand,West Indies,WA Young,HM Nicholls,JO Holder,0,0,,,,,,,,,
1233958,2020/21,2020-12-11,Basin Reserve,1,34.4,New Zealand,West Indies,WA Young,HM Nicholls,JO Holder,0,0,,,,,,,,,
1233958,2020/21,2020-12-11,Basin Reserve,1,34.5,New Zealand,West Indies,WA Young,HM Nicholls,JO Holder,1,0,,,,,,,,,
1233958,2020/21,2020-12-11,Basin Reserve,1,34.6,New Zealand,West Indies,HM Nicholls,WA Young,JO Holder,1,0,,,,,,,,,
1233958,2020/21,2020-12-11,Basin Reserve,1,35.1,New Zealand,West Indies,HM Nicholls,WA Young,AS Joseph,0,0,,,,,,,,,
1233958,2020/21,2020-12-11,Basin Reserve,1,35.2,New Zealand,West Indies,HM Nicholls,WA Young,AS Joseph,6,0,,,,,,,,,
1233958,2020/21,2020-12-11,Basin Reserve,1,35.3,New Zealand,West Indies,HM Nicholls,WA Young,AS Joseph,1,0,,,,,,,,,
1233958,2020/21,2020-12-11,Basin Reserve,1,35.4,New Zealand,West Indies,WA Young,HM Nicholls,AS Joseph,0,0,,,,,,,,,
1233958,2020/21,2020-12-11,Basin Reserve,1,35.5,New Zealand,West Indies,WA Young,HM Nicholls,AS Joseph,0,0,,,,,,,,,
1233958,2020/21,2020-12-11,Basin Reserve,1,35.6,New Zealand,West Indies,WA Young,HM Nicholls,AS Joseph,0,0,,,,,,,,,
1233958,2020/21,2020-12-11,Basin Reserve,1,36.1,New Zealand,West Indies,HM Nicholls,WA Young,ST Gabriel,0,0,,,,,,,,,
1233958,2020/21,2020-12-11,Basin Reserve,1,36.2,New Zealand,West Indies,HM Nicholls,WA Young,ST Gabriel,0,0,,,,,,,,,
1233958,2020/21,2020-12-11,Basin Reserve,1,36.3,New Zealand,West Indies,HM Nicholls,WA Young,ST Gabriel,2,0,,,,,,,,,
1233958,2020/21,2020-12-11,Basin Reserve,1,36.4,New Zealand,West Indies,HM Nicholls,WA Young,ST Gabriel,0,0,,,,,,,,,
1233958,2020/21,2020-12-11,Basin Reserve,1,36.5,New Zealand,West Indies,HM Nicholls,WA Young,ST Gabriel,0,0,,,,,,,,,
1233958,2020/21,2020-12-11,Basin Reserve,1,36.6,New Zealand,West Indies,HM Nicholls,WA Young,ST Gabriel,1,0,,,,,,,,,
1233958,2020/21,2020-12-11,Basin Reserve,1,37.1,New Zealand,West Indies,HM Nicholls,WA Young,CK Holder,0,0,,,,,,,,,
1233958,2020/21,2020-12-11,Basin Reserve,1,37.2,New Zealand,West Indies,HM Nicholls,WA Young,CK Holder,4,0,,,,,,,,,
1233958,2020/21,2020-12-11,Basin Reserve,1,37.3,New Zealand,West Indies,HM Nicholls,WA Young,CK Holder,0,0,,,,,,,,,
1233958,2020/21,2020-12-11,Basin Reserve,1,37.4,New Zealand,West Indies,HM Nicholls,WA Young,CK Holder,2,0,,,,,,,,,
1233958,2020/21,2020-12-11,Basin Reserve,1,37.5,New Zealand,West Indies,HM Nicholls,WA Young,CK Holder,0,0,,,,,,,,,
1233958,2020/21,2020-12-11,Basin Reserve,1,37.6,New Zealand,West Indies,HM Nicholls,WA Young,CK Holder,0,0,,,,,,,,,
1233958,2020/21,2020-12-11,Basin Reserve,1,38.1,New Zealand,West Indies,WA Young,HM Nicholls,ST Gabriel,1,0,,,,,,,,,
1233958,2020/21,2020-12-11,Basin Reserve,1,38.2,New Zealand,West Indies,HM Nicholls,WA Young,ST Gabriel,0,0,,,,,,,,,
1233958,2020/21,2020-12-11,Basin Reserve,1,38.3,New Zealand,West Indies,HM Nicholls,WA Young,ST Gabriel,0,0,,,,,,,,,
1233958,2020/21,2020-12-11,Basin Reserve,1,38.4,New Zealand,West Indies,HM Nicholls,WA Young,ST Gabriel,0,0,,,,,,,,,
1233958,2020/21,2020-12-11,Basin Reserve,1,38.5,New Zealand,West Indies,HM Nicholls,WA Young,ST Gabriel,0,0,,,,,,,,,
1233958,2020/21,2020-12-11,Basin Reserve,1,38.6,New Zealand,West Indies,HM Nicholls,WA Young,ST Gabriel,0,0,,,,,,,,,
1233958,2020/21,2020-12-11,Basin Reserve,1,39.1,New Zealand,West Indies,WA Young,HM Nicholls,CK Holder,1,0,,,,,,,,,
1233958,2020/21,2020-12-11,Basin Reserve,1,39.2,New Zealand,West Indies,HM Nicholls,WA Young,CK Holder,0,0,,,,,,,,,
1233958,2020/21,2020-12-11,Basin Reserve,1,39.3,New Zealand,West Indies,HM Nicholls,WA Young,CK Holder,0,0,,,,,,,,,
1233958,2020/21,2020-12-11,Basin Reserve,1,39.4,New Zealand,West Indies,HM Nicholls,WA Young,CK Holder,0,0,,,,,,,,,
1233958,2020/21,2020-12-11,Basin Reserve,1,39.5,New Zealand,West Indies,HM Nicholls,WA Young,CK Holder,2,0,,,,,,,,,
1233958,2020/21,2020-12-11,Basin Reserve,1,39.6,New Zealand,West Indies,HM Nicholls,WA Young,CK Holder,0,0,,,,,,,,,
1233958,2020/21,2020-12-11,Basin Reserve,1,40.1,New Zealand,West Indies,WA Young,HM Nicholls,ST Gabriel,0,1,,,,1,,,,,
1233958,2020/21,2020-12-11,Basin Reserve,1,40.2,New Zealand,West Indies,HM Nicholls,WA Young,ST Gabriel,0,0,,,,,,,,,
1233958,2020/21,2020-12-11,Basin Reserve,1,40.3,New Zealand,West Indies,HM Nicholls,WA Young,ST Gabriel,0,0,,,,,,,,,
1233958,2020/21,2020-12-11,Basin Reserve,1,40.4,New Zealand,West Indies,HM Nicholls,WA Young,ST Gabriel,0,0,,,,,,,,,
1233958,2020/21,2020-12-11,Basin Reserve,1,40.5,New Zealand,West Indies,HM Nicholls,WA Young,ST Gabriel,0,0,,,,,,,,,
1233958,2020/21,2020-12-11,Basin Reserve,1,40.6,New Zealand,West Indies,HM Nicholls,WA Young,ST Gabriel,0,0,,,,,,,,,
1233958,2020/21,2020-12-11,Basin Reserve,1,41.1,New Zealand,West Indies,WA Young,HM Nicholls,CK Holder,0,0,,,,,,,,,
1233958,2020/21,2020-12-11,Basin Reserve,1,41.2,New Zealand,West Indies,WA Young,HM Nicholls,CK Holder,0,0,,,,,,,,,
1233958,2020/21,2020-12-11,Basin Reserve,1,41.3,New Zealand,West Indies,WA Young,HM Nicholls,CK Holder,0,0,,,,,,,,,
1233958,2020/21,2020-12-11,Basin Reserve,1,41.4,New Zealand,West Indies,WA Young,HM Nicholls,CK Holder,2,0,,,,,,,,,
1233958,2020/21,2020-12-11,Basin Reserve,1,41.5,New Zealand,West Indies,WA Young,HM Nicholls,CK Holder,0,0,,,,,,,,,
1233958,2020/21,2020-12-11,Basin Reserve,1,41.6,New Zealand,West Indies,WA Young,HM Nicholls,CK Holder,1,0,,,,,,,,,
1233958,2020/21,2020-12-11,Basin Reserve,1,42.1,New Zealand,West Indies,WA Young,HM Nicholls,ST Gabriel,0,0,,,,,,caught,WA Young,,
1233958,2020/21,2020-12-11,Basin Reserve,1,42.2,New Zealand,West Indies,BJ Watling,HM Nicholls,ST Gabriel,0,0,,,,,,,,,
1233958,2020/21,2020-12-11,Basin Reserve,1,42.3,New Zealand,West Indies,BJ Watling,HM Nicholls,ST Gabriel,0,0,,,,,,,,,
1233958,2020/21,2020-12-11,Basin Reserve,1,42.4,New Zealand,West Indies,BJ Watling,HM Nicholls,ST Gabriel,0,0,,,,,,,,,
1233958,2020/21,2020-12-11,Basin Reserve,1,42.5,New Zealand,West Indies,BJ Watling,HM Nicholls,ST Gabriel,0,0,,,,,,,,,
1233958,2020/21,2020-12-11,Basin Reserve,1,42.6,New Zealand,West Indies,BJ Watling,HM Nicholls,ST Gabriel,0,0,,,,,,,,,
1233958,2020/21,2020-12-11,Basin Reserve,1,43.1,New Zealand,West Indies,HM Nicholls,BJ Watling,CK Holder,0,0,,,,,,,,,
1233958,2020/21,2020-12-11,Basin Reserve,1,43.2,New Zealand,West Indies,HM Nicholls,BJ Watling,CK Holder,0,0,,,,,,,,,
1233958,2020/21,2020-12-11,Basin Reserve,1,43.3,New Zealand,West Indies,HM Nicholls,BJ Watling,CK Holder,0,0,,,,,,,,,
1233958,2020/21,2020-12-11,Basin Reserve,1,43.4,New Zealand,West Indies,HM Nicholls,BJ Watling,CK Holder,0,0,,,,,,,,,
1233958,2020/21,2020-12-11,Basin Reserve,1,43.5,New Zealand,West Indies,HM Nicholls,BJ Watling,CK Holder,2,0,,,,,,,,,
1233958,2020/21,2020-12-11,Basin Reserve,1,43.6,New Zealand,West Indies,HM Nicholls,BJ Watling,CK Holder,0,0,,,,,,,,,
1233958,2020/21,2020-12-11,Basin Reserve,1,44.1,New Zealand,West Indies,BJ Watling,HM Nicholls,ST Gabriel,0,0,,,,,,,,,
1233958,2020/21,2020-12-11,Basin Reserve,1,44.2,New Zealand,West Indies,BJ Watling,HM Nicholls,ST Gabriel,0,0,,,,,,,,,
1233958,2020/21,2020-12-11,Basin Reserve,1,44.3,New Zealand,West Indies,BJ Watling,HM Nicholls,ST Gabriel,0,0,,,,,,,,,
1233958,2020/21,2020-12-11,Basin Reserve,1,44.4,New Zealand,West Indies,BJ Watling,HM Nicholls,ST Gabriel,0,0,,,,,,,,,
1233958,2020/21,2020-12-11,Basin Reserve,1,44.5,New Zealand,West Indies,BJ Watling,HM Nicholls,ST Gabriel,1,0,,,,,,,,,
1233958,2020/21,2020-12-11,Basin Reserve,1,44.6,New Zealand,West Indies,HM Nicholls,BJ Watling,ST Gabriel,4,0,,,,,,,,,
1233958,2020/21,2020-12-11,Basin Reserve,1,45.1,New Zealand,West Indies,BJ Watling,HM Nicholls,CK Holder,0,0,,,,,,,,,
1233958,2020/21,2020-12-11,Basin Reserve,1,45.2,New Zealand,West Indies,BJ Watling,HM Nicholls,CK Holder,4,0,,,,,,,,,
1233958,2020/21,2020-12-11,Basin Reserve,1,45.3,New Zealand,West Indies,BJ Watling,HM Nicholls,CK Holder,0,0,,,,,,,,,
1233958,2020/21,2020-12-11,Basin Reserve,1,45.4,New Zealand,West Indies,BJ Watling,HM Nicholls,CK Holder,0,1,1,,,,,,,,
1233958,2020/21,2020-12-11,Basin Reserve,1,45.5,New Zealand,West Indies,BJ Watling,HM Nicholls,CK Holder,1,0,,,,,,,,,
1233958,2020/21,2020-12-11,Basin Reserve,1,45.6,New Zealand,West Indies,HM Nicholls,BJ Watling,CK Holder,0,0,,,,,,,,,
1233958,2020/21,2020-12-11,Basin Reserve,1,45.7,New Zealand,West Indies,HM Nicholls,BJ Watling,CK Holder,2,0,,,,,,,,,
1233958,2020/21,2020-12-11,Basin Reserve,1,46.1,New Zealand,West Indies,BJ Watling,HM Nicholls,JO Holder,4,0,,,,,,,,,
1233958,2020/21,2020-12-11,Basin Reserve,1,46.2,New Zealand,West Indies,BJ Watling,HM Nicholls,JO Holder,1,0,,,,,,,,,
1233958,2020/21,2020-12-11,Basin Reserve,1,46.3,New Zealand,West Indies,HM Nicholls,BJ Watling,JO Holder,2,0,,,,,,,,,
1233958,2020/21,2020-12-11,Basin Reserve,1,46.4,New Zealand,West Indies,HM Nicholls,BJ Watling,JO Holder,0,0,,,,,,,,,
1233958,2020/21,2020-12-11,Basin Reserve,1,46.5,New Zealand,West Indies,HM Nicholls,BJ Watling,JO Holder,0,0,,,,,,,,,
1233958,2020/21,2020-12-11,Basin Reserve,1,46.6,New Zealand,West Indies,HM Nicholls,BJ Watling,JO Holder,0,0,,,,,,,,,
1233958,2020/21,2020-12-11,Basin Reserve,1,47.1,New Zealand,West Indies,BJ Watling,HM Nicholls,CK Holder,0,0,,,,,,,,,
1233958,2020/21,2020-12-11,Basin Reserve,1,47.2,New Zealand,West Indies,BJ Watling,HM Nicholls,CK Holder,0,0,,,,,,,,,
1233958,2020/21,2020-12-11,Basin Reserve,1,47.3,New Zealand,West Indies,BJ Watling,HM Nicholls,CK Holder,0,0,,,,,,,,,
1233958,2020/21,2020-12-11,Basin Reserve,1,47.4,New Zealand,West Indies,BJ Watling,HM Nicholls,CK Holder,0,0,,,,,,,,,
1233958,2020/21,2020-12-11,Basin Reserve,1,47.5,New Zealand,West Indies,BJ Watling,HM Nicholls,CK Holder,0,0,,,,,,,,,
1233958,2020/21,2020-12-11,Basin Reserve,1,47.6,New Zealand,West Indies,BJ Watling,HM Nicholls,CK Holder,0,0,,,,,,,,,
1233958,2020/21,2020-12-11,Basin Reserve,1,48.1,New Zealand,West Indies,HM Nicholls,BJ Watling,JO Holder,0,0,,,,,,,,,
1233958,2020/21,2020-12-11,Basin Reserve,1,48.2,New Zealand,West Indies,HM Nicholls,BJ Watling,JO Holder,0,0,,,,,,,,,
1233958,2020/21,2020-12-11,Basin Reserve,1,48.3,New Zealand,West Indies,HM Nicholls,BJ Watling,JO Holder,0,0,,,,,,,,,
1233958,2020/21,2020-12-11,Basin Reserve,1,48.4,New Zealand,West Indies,HM Nicholls,BJ Watling,JO Holder,0,0,,,,,,,,,
1233958,2020/21,2020-12-11,Basin Reserve,1,48.5,New Zealand,West Indies,HM Nicholls,BJ Watling,JO Holder,0,0,,,,,,,,,
1233958,2020/21,2020-12-11,Basin Reserve,1,48.6,New Zealand,West Indies,HM Nicholls,BJ Watling,JO Holder,0,0,,,,,,,,,
1233958,2020/21,2020-12-11,Basin Reserve,1,49.1,New Zealand,West Indies,BJ Watling,HM Nicholls,AS Joseph,0,0,,,,,,,,,
1233958,2020/21,2020-12-11,Basin Reserve,1,49.2,New Zealand,West Indies,BJ Watling,HM Nicholls,AS Joseph,0,0,,,,,,,,,
1233958,2020/21,2020-12-11,Basin Reserve,1,49.3,New Zealand,West Indies,BJ Watling,HM Nicholls,AS Joseph,0,0,,,,,,,,,
1233958,2020/21,2020-12-11,Basin Reserve,1,49.4,New Zealand,West Indies,BJ Watling,HM Nicholls,AS Joseph,0,0,,,,,,,,,
1233958,2020/21,2020-12-11,Basin Reserve,1,49.5,New Zealand,West Indies,BJ Watling,HM Nicholls,AS Joseph,0,0,,,,,,,,,
1233958,2020/21,2020-12-11,Basin Reserve,1,49.6,New Zealand,West Indies,BJ Watling,HM Nicholls,AS Joseph,0,0,,,,,,,,,
1233958,2020/21,2020-12-11,Basin Reserve,1,50.1,New Zealand,West Indies,HM Nicholls,BJ Watling,JO Holder,0,0,,,,,,,,,
1233958,2020/21,2020-12-11,Basin Reserve,1,50.2,New Zealand,West Indies,HM Nicholls,BJ Watling,JO Holder,0,0,,,,,,,,,
1233958,2020/21,2020-12-11,Basin Reserve,1,50.3,New Zealand,West Indies,HM Nicholls,BJ Watling,JO Holder,0,0,,,,,,,,,
1233958,2020/21,2020-12-11,Basin Reserve,1,50.4,New Zealand,West Indies,HM Nicholls,BJ Watling,JO Holder,4,0,,,,,,,,,
1233958,2020/21,2020-12-11,Basin Reserve,1,50.5,New Zealand,West Indies,HM Nicholls,BJ Watling,JO Holder,0,0,,,,,,,,,
1233958,2020/21,2020-12-11,Basin Reserve,1,50.6,New Zealand,West Indies,HM Nicholls,BJ Watling,JO Holder,0,0,,,,,,,,,
1233958,2020/21,2020-12-11,Basin Reserve,1,51.1,New Zealand,West Indies,BJ Watling,HM Nicholls,AS Joseph,4,0,,,,,,,,,
1233958,2020/21,2020-12-11,Basin Reserve,1,51.2,New Zealand,West Indies,BJ Watling,HM Nicholls,AS Joseph,0,0,,,,,,,,,
1233958,2020/21,2020-12-11,Basin Reserve,1,51.3,New Zealand,West Indies,BJ Watling,HM Nicholls,AS Joseph,0,0,,,,,,,,,
1233958,2020/21,2020-12-11,Basin Reserve,1,51.4,New Zealand,West Indies,BJ Watling,HM Nicholls,AS Joseph,0,0,,,,,,,,,
1233958,2020/21,2020-12-11,Basin Reserve,1,51.5,New Zealand,West Indies,BJ Watling,HM Nicholls,AS Joseph,0,0,,,,,,,,,
1233958,2020/21,2020-12-11,Basin Reserve,1,51.6,New Zealand,West Indies,BJ Watling,HM Nicholls,AS Joseph,0,0,,,,,,,,,
1233958,2020/21,2020-12-11,Basin Reserve,1,52.1,New Zealand,West Indies,HM Nicholls,BJ Watling,JO Holder,4,0,,,,,,,,,
1233958,2020/21,2020-12-11,Basin Reserve,1,52.2,New Zealand,West Indies,HM Nicholls,BJ Watling,JO Holder,0,0,,,,,,,,,
1233958,2020/21,2020-12-11,Basin Reserve,1,52.3,New Zealand,West Indies,HM Nicholls,BJ Watling,JO Holder,0,0,,,,,,,,,
1233958,2020/21,2020-12-11,Basin Reserve,1,52.4,New Zealand,West Indies,HM Nicholls,BJ Watling,JO Holder,0,0,,,,,,,,,
1233958,2020/21,2020-12-11,Basin Reserve,1,52.5,New Zealand,West Indies,HM Nicholls,BJ Watling,JO Holder,0,0,,,,,,,,,
1233958,2020/21,2020-12-11,Basin Reserve,1,52.6,New Zealand,West Indies,HM Nicholls,BJ Watling,JO Holder,0,0,,,,,,,,,
1233958,2020/21,2020-12-11,Basin Reserve,1,53.1,New Zealand,West Indies,BJ Watling,HM Nicholls,AS Joseph,0,0,,,,,,,,,
1233958,2020/21,2020-12-11,Basin Reserve,1,53.2,New Zealand,West Indies,BJ Watling,HM Nicholls,AS Joseph,4,0,,,,,,,,,
1233958,2020/21,2020-12-11,Basin Reserve,1,53.3,New Zealand,West Indies,BJ Watling,HM Nicholls,AS Joseph,4,0,,,,,,,,,
1233958,2020/21,2020-12-11,Basin Reserve,1,53.4,New Zealand,West Indies,BJ Watling,HM Nicholls,AS Joseph,0,1,1,,,,,,,,
1233958,2020/21,2020-12-11,Basin Reserve,1,53.5,New Zealand,West Indies,BJ Watling,HM Nicholls,AS Joseph,0,0,,,,,,,,,
1233958,2020/21,2020-12-11,Basin Reserve,1,53.6,New Zealand,West Indies,BJ Watling,HM Nicholls,AS Joseph,0,0,,,,,,,,,
1233958,2020/21,2020-12-11,Basin Reserve,1,53.7,New Zealand,West Indies,BJ Watling,HM Nicholls,AS Joseph,0,0,,,,,,,,,
1233958,2020/21,2020-12-11,Basin Reserve,1,54.1,New Zealand,West Indies,HM Nicholls,BJ Watling,JO Holder,1,0,,,,,,,,,
1233958,2020/21,2020-12-11,Basin Reserve,1,54.2,New Zealand,West Indies,BJ Watling,HM Nicholls,JO Holder,1,0,,,,,,,,,
1233958,2020/21,2020-12-11,Basin Reserve,1,54.3,New Zealand,West Indies,HM Nicholls,BJ Watling,JO Holder,0,0,,,,,,,,,
1233958,2020/21,2020-12-11,Basin Reserve,1,54.4,New Zealand,West Indies,HM Nicholls,BJ Watling,JO Holder,0,0,,,,,,,,,
1233958,2020/21,2020-12-11,Basin Reserve,1,54.5,New Zealand,West Indies,HM Nicholls,BJ Watling,JO Holder,0,0,,,,,,,,,
1233958,2020/21,2020-12-11,Basin Reserve,1,54.6,New Zealand,West Indies,HM Nicholls,BJ Watling,JO Holder,4,0,,,,,,,,,
1233958,2020/21,2020-12-11,Basin Reserve,1,55.1,New Zealand,West Indies,BJ Watling,HM Nicholls,AS Joseph,0,0,,,,,,,,,
1233958,2020/21,2020-12-11,Basin Reserve,1,55.2,New Zealand,West Indies,BJ Watling,HM Nicholls,AS Joseph,0,0,,,,,,,,,
1233958,2020/21,2020-12-11,Basin Reserve,1,55.3,New Zealand,West Indies,BJ Watling,HM Nicholls,AS Joseph,0,0,,,,,,,,,
1233958,2020/21,2020-12-11,Basin Reserve,1,55.4,New Zealand,West Indies,BJ Watling,HM Nicholls,AS Joseph,1,0,,,,,,,,,
1233958,2020/21,2020-12-11,Basin Reserve,1,55.5,New Zealand,West Indies,HM Nicholls,BJ Watling,AS Joseph,0,0,,,,,,,,,
1233958,2020/21,2020-12-11,Basin Reserve,1,55.6,New Zealand,West Indies,HM Nicholls,BJ Watling,AS Joseph,0,0,,,,,,,,,
1233958,2020/21,2020-12-11,Basin Reserve,1,56.1,New Zealand,West Indies,BJ Watling,HM Nicholls,JO Holder,0,0,,,,,,,,,
1233958,2020/21,2020-12-11,Basin Reserve,1,56.2,New Zealand,West Indies,BJ Watling,HM Nicholls,JO Holder,1,0,,,,,,,,,
1233958,2020/21,2020-12-11,Basin Reserve,1,56.3,New Zealand,West Indies,HM Nicholls,BJ Watling,JO Holder,0,0,,,,,,,,,
1233958,2020/21,2020-12-11,Basin Reserve,1,56.4,New Zealand,West Indies,HM Nicholls,BJ Watling,JO Holder,0,0,,,,,,,,,
1233958,2020/21,2020-12-11,Basin Reserve,1,56.5,New Zealand,West Indies,HM Nicholls,BJ Watling,JO Holder,0,0,,,,,,,,,
1233958,2020/21,2020-12-11,Basin Reserve,1,56.6,New Zealand,West Indies,HM Nicholls,BJ Watling,JO Holder,0,0,,,,,,,,,
1233958,2020/21,2020-12-11,Basin Reserve,1,57.1,New Zealand,West Indies,BJ Watling,HM Nicholls,AS Joseph,4,0,,,,,,,,,
1233958,2020/21,2020-12-11,Basin Reserve,1,57.2,New Zealand,West Indies,BJ Watling,HM Nicholls,AS Joseph,0,0,,,,,,,,,
1233958,2020/21,2020-12-11,Basin Reserve,1,57.3,New Zealand,West Indies,BJ Watling,HM Nicholls,AS Joseph,0,0,,,,,,,,,
1233958,2020/21,2020-12-11,Basin Reserve,1,57.4,New Zealand,West Indies,BJ Watling,HM Nicholls,AS Joseph,0,0,,,,,,bowled,BJ Watling,,
1233958,2020/21,2020-12-11,Basin Reserve,1,57.5,New Zealand,West Indies,DJ Mitchell,HM Nicholls,AS Joseph,0,0,,,,,,,,,
1233958,2020/21,2020-12-11,Basin Reserve,1,57.6,New Zealand,West Indies,DJ Mitchell,HM Nicholls,AS Joseph,0,0,,,,,,,,,
1233958,2020/21,2020-12-11,Basin Reserve,1,58.1,New Zealand,West Indies,HM Nicholls,DJ Mitchell,JO Holder,0,0,,,,,,,,,
1233958,2020/21,2020-12-11,Basin Reserve,1,58.2,New Zealand,West Indies,HM Nicholls,DJ Mitchell,JO Holder,0,0,,,,,,,,,
1233958,2020/21,2020-12-11,Basin Reserve,1,58.3,New Zealand,West Indies,HM Nicholls,DJ Mitchell,JO Holder,0,0,,,,,,,,,
1233958,2020/21,2020-12-11,Basin Reserve,1,58.4,New Zealand,West Indies,HM Nicholls,DJ Mitchell,JO Holder,0,0,,,,,,,,,
1233958,2020/21,2020-12-11,Basin Reserve,1,58.5,New Zealand,West Indies,HM Nicholls,DJ Mitchell,JO Holder,0,0,,,,,,,,,
1233958,2020/21,2020-12-11,Basin Reserve,1,58.6,New Zealand,West Indies,HM Nicholls,DJ Mitchell,JO Holder,0,0,,,,,,,,,
1233958,2020/21,2020-12-11,Basin Reserve,1,59.1,New Zealand,West Indies,DJ Mitchell,HM Nicholls,AS Joseph,0,0,,,,,,,,,
1233958,2020/21,2020-12-11,Basin Reserve,1,59.2,New Zealand,West Indies,DJ Mitchell,HM Nicholls,AS Joseph,0,0,,,,,,,,,
1233958,2020/21,2020-12-11,Basin Reserve,1,59.3,New Zealand,West Indies,DJ Mitchell,HM Nicholls,AS Joseph,1,0,,,,,,,,,
1233958,2020/21,2020-12-11,Basin Reserve,1,59.4,New Zealand,West Indies,HM Nicholls,DJ Mitchell,AS Joseph,0,0,,,,,,,,,
1233958,2020/21,2020-12-11,Basin Reserve,1,59.5,New Zealand,West Indies,HM Nicholls,DJ Mitchell,AS Joseph,1,0,,,,,,,,,
1233958,2020/21,2020-12-11,Basin Reserve,1,59.6,New Zealand,West Indies,DJ Mitchell,HM Nicholls,AS Joseph,0,0,,,,,,,,,
1233958,2020/21,2020-12-11,Basin Reserve,1,60.1,New Zealand,West Indies,HM Nicholls,DJ Mitchell,JO Holder,0,0,,,,,,,,,
1233958,2020/21,2020-12-11,Basin Reserve,1,60.2,New Zealand,West Indies,HM Nicholls,DJ Mitchell,JO Holder,0,0,,,,,,,,,
1233958,2020/21,2020-12-11,Basin Reserve,1,60.3,New Zealand,West Indies,HM Nicholls,DJ Mitchell,JO Holder,0,0,,,,,,,,,
1233958,2020/21,2020-12-11,Basin Reserve,1,60.4,New Zealand,West Indies,HM Nicholls,DJ Mitchell,JO Holder,0,0,,,,,,,,,
1233958,2020/21,2020-12-11,Basin Reserve,1,60.5,New Zealand,West Indies,HM Nicholls,DJ Mitchell,JO Holder,0,0,,,,,,,,,
1233958,2020/21,2020-12-11,Basin Reserve,1,60.6,New Zealand,West Indies,HM Nicholls,DJ Mitchell,JO Holder,0,0,,,,,,,,,
1233958,2020/21,2020-12-11,Basin Reserve,1,61.1,New Zealand,West Indies,DJ Mitchell,HM Nicholls,AS Joseph,0,0,,,,,,,,,
1233958,2020/21,2020-12-11,Basin Reserve,1,61.2,New Zealand,West Indies,DJ Mitchell,HM Nicholls,AS Joseph,0,0,,,,,,,,,
1233958,2020/21,2020-12-11,Basin Reserve,1,61.3,New Zealand,West Indies,DJ Mitchell,HM Nicholls,AS Joseph,1,0,,,,,,,,,
1233958,2020/21,2020-12-11,Basin Reserve,1,61.4,New Zealand,West Indies,HM Nicholls,DJ Mitchell,AS Joseph,1,0,,,,,,,,,
1233958,2020/21,2020-12-11,Basin Reserve,1,61.5,New Zealand,West Indies,DJ Mitchell,HM Nicholls,AS Joseph,0,0,,,,,,,,,
1233958,2020/21,2020-12-11,Basin Reserve,1,61.6,New Zealand,West Indies,DJ Mitchell,HM Nicholls,AS Joseph,0,0,,,,,,,,,
1233958,2020/21,2020-12-11,Basin Reserve,1,62.1,New Zealand,West Indies,HM Nicholls,DJ Mitchell,ST Gabriel,1,0,,,,,,,,,
1233958,2020/21,2020-12-11,Basin Reserve,1,62.2,New Zealand,West Indies,DJ Mitchell,HM Nicholls,ST Gabriel,0,0,,,,,,,,,
1233958,2020/21,2020-12-11,Basin Reserve,1,62.3,New Zealand,West Indies,DJ Mitchell,HM Nicholls,ST Gabriel,4,0,,,,,,,,,
1233958,2020/21,2020-12-11,Basin Reserve,1,62.4,New Zealand,West Indies,DJ Mitchell,HM Nicholls,ST Gabriel,0,0,,,,,,,,,
1233958,2020/21,2020-12-11,Basin Reserve,1,62.5,New Zealand,West Indies,DJ Mitchell,HM Nicholls,ST Gabriel,0,0,,,,,,,,,
1233958,2020/21,2020-12-11,Basin Reserve,1,62.6,New Zealand,West Indies,DJ Mitchell,HM Nicholls,ST Gabriel,0,0,,,,,,,,,
1233958,2020/21,2020-12-11,Basin Reserve,1,63.1,New Zealand,West Indies,HM Nicholls,DJ Mitchell,RL Chase,0,0,,,,,,,,,
1233958,2020/21,2020-12-11,Basin Reserve,1,63.2,New Zealand,West Indies,HM Nicholls,DJ Mitchell,RL Chase,0,0,,,,,,,,,
1233958,2020/21,2020-12-11,Basin Reserve,1,63.3,New Zealand,West Indies,HM Nicholls,DJ Mitchell,RL Chase,0,0,,,,,,,,,
1233958,2020/21,2020-12-11,Basin Reserve,1,63.4,New Zealand,West Indies,HM Nicholls,DJ Mitchell,RL Chase,0,0,,,,,,,,,
1233958,2020/21,2020-12-11,Basin Reserve,1,63.5,New Zealand,West Indies,HM Nicholls,DJ Mitchell,RL Chase,0,0,,,,,,,,,
1233958,2020/21,2020-12-11,Basin Reserve,1,63.6,New Zealand,West Indies,HM Nicholls,DJ Mitchell,RL Chase,2,0,,,,,,,,,
1233958,2020/21,2020-12-11,Basin Reserve,1,64.1,New Zealand,West Indies,DJ Mitchell,HM Nicholls,ST Gabriel,0,0,,,,,,,,,
1233958,2020/21,2020-12-11,Basin Reserve,1,64.2,New Zealand,West Indies,DJ Mitchell,HM Nicholls,ST Gabriel,0,0,,,,,,,,,
1233958,2020/21,2020-12-11,Basin Reserve,1,64.3,New Zealand,West Indies,DJ Mitchell,HM Nicholls,ST Gabriel,3,0,,,,,,,,,
1233958,2020/21,2020-12-11,Basin Reserve,1,64.4,New Zealand,West Indies,HM Nicholls,DJ Mitchell,ST Gabriel,0,0,,,,,,,,,
1233958,2020/21,2020-12-11,Basin Reserve,1,64.5,New Zealand,West Indies,HM Nicholls,DJ Mitchell,ST Gabriel,0,0,,,,,,,,,
1233958,2020/21,2020-12-11,Basin Reserve,1,64.6,New Zealand,West Indies,HM Nicholls,DJ Mitchell,ST Gabriel,0,0,,,,,,,,,
1233958,2020/21,2020-12-11,Basin Reserve,1,65.1,New Zealand,West Indies,DJ Mitchell,HM Nicholls,RL Chase,0,0,,,,,,,,,
1233958,2020/21,2020-12-11,Basin Reserve,1,65.2,New Zealand,West Indies,DJ Mitchell,HM Nicholls,RL Chase,1,0,,,,,,,,,
1233958,2020/21,2020-12-11,Basin Reserve,1,65.3,New Zealand,West Indies,HM Nicholls,DJ Mitchell,RL Chase,0,0,,,,,,,,,
1233958,2020/21,2020-12-11,Basin Reserve,1,65.4,New Zealand,West Indies,HM Nicholls,DJ Mitchell,RL Chase,1,0,,,,,,,,,
1233958,2020/21,2020-12-11,Basin Reserve,1,65.5,New Zealand,West Indies,DJ Mitchell,HM Nicholls,RL Chase,1,0,,,,,,,,,
1233958,2020/21,2020-12-11,Basin Reserve,1,65.6,New Zealand,West Indies,HM Nicholls,DJ Mitchell,RL Chase,0,0,,,,,,,,,
1233958,2020/21,2020-12-11,Basin Reserve,1,66.1,New Zealand,West Indies,DJ Mitchell,HM Nicholls,ST Gabriel,1,0,,,,,,,,,
1233958,2020/21,2020-12-11,Basin Reserve,1,66.2,New Zealand,West Indies,HM Nicholls,DJ Mitchell,ST Gabriel,0,0,,,,,,,,,
1233958,2020/21,2020-12-11,Basin Reserve,1,66.3,New Zealand,West Indies,HM Nicholls,DJ Mitchell,ST Gabriel,0,0,,,,,,,,,
1233958,2020/21,2020-12-11,Basin Reserve,1,66.4,New Zealand,West Indies,HM Nicholls,DJ Mitchell,ST Gabriel,4,0,,,,,,,,,
1233958,2020/21,2020-12-11,Basin Reserve,1,66.5,New Zealand,West Indies,HM Nicholls,DJ Mitchell,ST Gabriel,0,0,,,,,,,,,
1233958,2020/21,2020-12-11,Basin Reserve,1,66.6,New Zealand,West Indies,HM Nicholls,DJ Mitchell,ST Gabriel,0,0,,,,,,,,,
1233958,2020/21,2020-12-11,Basin Reserve,1,67.1,New Zealand,West Indies,DJ Mitchell,HM Nicholls,RL Chase,0,0,,,,,,,,,
1233958,2020/21,2020-12-11,Basin Reserve,1,67.2,New Zealand,West Indies,DJ Mitchell,HM Nicholls,RL Chase,4,0,,,,,,,,,
1233958,2020/21,2020-12-11,Basin Reserve,1,67.3,New Zealand,West Indies,DJ Mitchell,HM Nicholls,RL Chase,2,0,,,,,,,,,
1233958,2020/21,2020-12-11,Basin Reserve,1,67.4,New Zealand,West Indies,DJ Mitchell,HM Nicholls,RL Chase,0,0,,,,,,,,,
1233958,2020/21,2020-12-11,Basin Reserve,1,67.5,New Zealand,West Indies,DJ Mitchell,HM Nicholls,RL Chase,4,0,,,,,,,,,
1233958,2020/21,2020-12-11,Basin Reserve,1,67.6,New Zealand,West Indies,DJ Mitchell,HM Nicholls,RL Chase,0,0,,,,,,,,,
1233958,2020/21,2020-12-11,Basin Reserve,1,68.1,New Zealand,West Indies,HM Nicholls,DJ Mitchell,ST Gabriel,1,0,,,,,,,,,
1233958,2020/21,2020-12-11,Basin Reserve,1,68.2,New Zealand,West Indies,DJ Mitchell,HM Nicholls,ST Gabriel,0,0,,,,,,,,,
1233958,2020/21,2020-12-11,Basin Reserve,1,68.3,New Zealand,West Indies,DJ Mitchell,HM Nicholls,ST Gabriel,0,0,,,,,,,,,
1233958,2020/21,2020-12-11,Basin Reserve,1,68.4,New Zealand,West Indies,DJ Mitchell,HM Nicholls,ST Gabriel,4,0,,,,,,,,,
1233958,2020/21,2020-12-11,Basin Reserve,1,68.5,New Zealand,West Indies,DJ Mitchell,HM Nicholls,ST Gabriel,0,0,,,,,,,,,
1233958,2020/21,2020-12-11,Basin Reserve,1,68.6,New Zealand,West Indies,DJ Mitchell,HM Nicholls,ST Gabriel,1,0,,,,,,,,,
1233958,2020/21,2020-12-11,Basin Reserve,1,69.1,New Zealand,West Indies,DJ Mitchell,HM Nicholls,RL Chase,4,0,,,,,,,,,
1233958,2020/21,2020-12-11,Basin Reserve,1,69.2,New Zealand,West Indies,DJ Mitchell,HM Nicholls,RL Chase,0,0,,,,,,,,,
1233958,2020/21,2020-12-11,Basin Reserve,1,69.3,New Zealand,West Indies,DJ Mitchell,HM Nicholls,RL Chase,0,0,,,,,,,,,
1233958,2020/21,2020-12-11,Basin Reserve,1,69.4,New Zealand,West Indies,DJ Mitchell,HM Nicholls,RL Chase,0,0,,,,,,,,,
1233958,2020/21,2020-12-11,Basin Reserve,1,69.5,New Zealand,West Indies,DJ Mitchell,HM Nicholls,RL Chase,0,0,,,,,,,,,
1233958,2020/21,2020-12-11,Basin Reserve,1,69.6,New Zealand,West Indies,DJ Mitchell,HM Nicholls,RL Chase,0,0,,,,,,,,,
1233958,2020/21,2020-12-11,Basin Reserve,1,70.1,New Zealand,West Indies,HM Nicholls,DJ Mitchell,CK Holder,1,0,,,,,,,,,
1233958,2020/21,2020-12-11,Basin Reserve,1,70.2,New Zealand,West Indies,DJ Mitchell,HM Nicholls,CK Holder,1,0,,,,,,,,,
1233958,2020/21,2020-12-11,Basin Reserve,1,70.3,New Zealand,West Indies,HM Nicholls,DJ Mitchell,CK Holder,4,0,,,,,,,,,
1233958,2020/21,2020-12-11,Basin Reserve,1,70.4,New Zealand,West Indies,HM Nicholls,DJ Mitchell,CK Holder,0,0,,,,,,,,,
1233958,2020/21,2020-12-11,Basin Reserve,1,70.5,New Zealand,West Indies,HM Nicholls,DJ Mitchell,CK Holder,0,0,,,,,,,,,
1233958,2020/21,2020-12-11,Basin Reserve,1,70.6,New Zealand,West Indies,HM Nicholls,DJ Mitchell,CK Holder,0,0,,,,,,,,,
1233958,2020/21,2020-12-11,Basin Reserve,1,71.1,New Zealand,West Indies,DJ Mitchell,HM Nicholls,RL Chase,1,0,,,,,,,,,
1233958,2020/21,2020-12-11,Basin Reserve,1,71.2,New Zealand,West Indies,HM Nicholls,DJ Mitchell,RL Chase,1,0,,,,,,,,,
1233958,2020/21,2020-12-11,Basin Reserve,1,71.3,New Zealand,West Indies,DJ Mitchell,HM Nicholls,RL Chase,0,0,,,,,,,,,
1233958,2020/21,2020-12-11,Basin Reserve,1,71.4,New Zealand,West Indies,DJ Mitchell,HM Nicholls,RL Chase,0,0,,,,,,,,,
1233958,2020/21,2020-12-11,Basin Reserve,1,71.5,New Zealand,West Indies,DJ Mitchell,HM Nicholls,RL Chase,1,0,,,,,,,,,
1233958,2020/21,2020-12-11,Basin Reserve,1,71.6,New Zealand,West Indies,HM Nicholls,DJ Mitchell,RL Chase,4,0,,,,,,,,,
1233958,2020/21,2020-12-11,Basin Reserve,1,72.1,New Zealand,West Indies,DJ Mitchell,HM Nicholls,CK Holder,0,0,,,,,,,,,
1233958,2020/21,2020-12-11,Basin Reserve,1,72.2,New Zealand,West Indies,DJ Mitchell,HM Nicholls,CK Holder,0,0,,,,,,,,,
1233958,2020/21,2020-12-11,Basin Reserve,1,72.3,New Zealand,West Indies,DJ Mitchell,HM Nicholls,CK Holder,0,0,,,,,,,,,
1233958,2020/21,2020-12-11,Basin Reserve,1,72.4,New Zealand,West Indies,DJ Mitchell,HM Nicholls,CK Holder,3,0,,,,,,,,,
1233958,2020/21,2020-12-11,Basin Reserve,1,72.5,New Zealand,West Indies,HM Nicholls,DJ Mitchell,CK Holder,0,0,,,,,,,,,
1233958,2020/21,2020-12-11,Basin Reserve,1,72.6,New Zealand,West Indies,HM Nicholls,DJ Mitchell,CK Holder,4,0,,,,,,,,,
1233958,2020/21,2020-12-11,Basin Reserve,1,73.1,New Zealand,West Indies,DJ Mitchell,HM Nicholls,RL Chase,0,0,,,,,,,,,
1233958,2020/21,2020-12-11,Basin Reserve,1,73.2,New Zealand,West Indies,DJ Mitchell,HM Nicholls,RL Chase,0,0,,,,,,,,,
1233958,2020/21,2020-12-11,Basin Reserve,1,73.3,New Zealand,West Indies,DJ Mitchell,HM Nicholls,RL Chase,0,0,,,,,,,,,
1233958,2020/21,2020-12-11,Basin Reserve,1,73.4,New Zealand,West Indies,DJ Mitchell,HM Nicholls,RL Chase,0,0,,,,,,,,,
1233958,2020/21,2020-12-11,Basin Reserve,1,73.5,New Zealand,West Indies,DJ Mitchell,HM Nicholls,RL Chase,1,0,,,,,,,,,
1233958,2020/21,2020-12-11,Basin Reserve,1,73.6,New Zealand,West Indies,HM Nicholls,DJ Mitchell,RL Chase,1,0,,,,,,,,,
1233958,2020/21,2020-12-11,Basin Reserve,1,74.1,New Zealand,West Indies,HM Nicholls,DJ Mitchell,CK Holder,0,0,,,,,,,,,
1233958,2020/21,2020-12-11,Basin Reserve,1,74.2,New Zealand,West Indies,HM Nicholls,DJ Mitchell,CK Holder,0,0,,,,,,,,,
1233958,2020/21,2020-12-11,Basin Reserve,1,74.3,New Zealand,West Indies,HM Nicholls,DJ Mitchell,CK Holder,0,0,,,,,,,,,
1233958,2020/21,2020-12-11,Basin Reserve,1,74.4,New Zealand,West Indies,HM Nicholls,DJ Mitchell,CK Holder,0,0,,,,,,,,,
1233958,2020/21,2020-12-11,Basin Reserve,1,74.5,New Zealand,West Indies,HM Nicholls,DJ Mitchell,CK Holder,1,0,,,,,,,,,
1233958,2020/21,2020-12-11,Basin Reserve,1,74.6,New Zealand,West Indies,DJ Mitchell,HM Nicholls,CK Holder,0,0,,,,,,,,,
1233958,2020/21,2020-12-11,Basin Reserve,1,75.1,New Zealand,West Indies,HM Nicholls,DJ Mitchell,RL Chase,1,0,,,,,,,,,
1233958,2020/21,2020-12-11,Basin Reserve,1,75.2,New Zealand,West Indies,DJ Mitchell,HM Nicholls,RL Chase,0,0,,,,,,,,,
1233958,2020/21,2020-12-11,Basin Reserve,1,75.3,New Zealand,West Indies,DJ Mitchell,HM Nicholls,RL Chase,1,0,,,,,,,,,
1233958,2020/21,2020-12-11,Basin Reserve,1,75.4,New Zealand,West Indies,HM Nicholls,DJ Mitchell,RL Chase,1,0,,,,,,,,,
1233958,2020/21,2020-12-11,Basin Reserve,1,75.5,New Zealand,West Indies,DJ Mitchell,HM Nicholls,RL Chase,2,0,,,,,,,,,
1233958,2020/21,2020-12-11,Basin Reserve,1,75.6,New Zealand,West Indies,DJ Mitchell,HM Nicholls,RL Chase,0,0,,,,,,,,,
1233958,2020/21,2020-12-11,Basin Reserve,1,76.1,New Zealand,West Indies,HM Nicholls,DJ Mitchell,CK Holder,0,0,,,,,,,,,
1233958,2020/21,2020-12-11,Basin Reserve,1,76.2,New Zealand,West Indies,HM Nicholls,DJ Mitchell,CK Holder,0,0,,,,,,,,,
1233958,2020/21,2020-12-11,Basin Reserve,1,76.3,New Zealand,West Indies,HM Nicholls,DJ Mitchell,CK Holder,0,0,,,,,,,,,
1233958,2020/21,2020-12-11,Basin Reserve,1,76.4,New Zealand,West Indies,HM Nicholls,DJ Mitchell,CK Holder,2,0,,,,,,,,,
1233958,2020/21,2020-12-11,Basin Reserve,1,76.5,New Zealand,West Indies,HM Nicholls,DJ Mitchell,CK Holder,0,0,,,,,,,,,
1233958,2020/21,2020-12-11,Basin Reserve,1,76.6,New Zealand,West Indies,HM Nicholls,DJ Mitchell,CK Holder,0,0,,,,,,,,,
1233958,2020/21,2020-12-11,Basin Reserve,1,77.1,New Zealand,West Indies,DJ Mitchell,HM Nicholls,RL Chase,0,0,,,,,,,,,
1233958,2020/21,2020-12-11,Basin Reserve,1,77.2,New Zealand,West Indies,DJ Mitchell,HM Nicholls,RL Chase,1,0,,,,,,,,,
1233958,2020/21,2020-12-11,Basin Reserve,1,77.3,New Zealand,West Indies,HM Nicholls,DJ Mitchell,RL Chase,0,0,,,,,,,,,
1233958,2020/21,2020-12-11,Basin Reserve,1,77.4,New Zealand,West Indies,HM Nicholls,DJ Mitchell,RL Chase,0,0,,,,,,,,,
1233958,2020/21,2020-12-11,Basin Reserve,1,77.5,New Zealand,West Indies,HM Nicholls,DJ Mitchell,RL Chase,2,0,,,,,,,,,
1233958,2020/21,2020-12-11,Basin Reserve,1,77.6,New Zealand,West Indies,HM Nicholls,DJ Mitchell,RL Chase,1,0,,,,,,,,,
1233958,2020/21,2020-12-11,Basin Reserve,1,78.1,New Zealand,West Indies,HM Nicholls,DJ Mitchell,CK Holder,0,0,,,,,,,,,
1233958,2020/21,2020-12-11,Basin Reserve,1,78.2,New Zealand,West Indies,HM Nicholls,DJ Mitchell,CK Holder,0,0,,,,,,,,,
1233958,2020/21,2020-12-11,Basin Reserve,1,78.3,New Zealand,West Indies,HM Nicholls,DJ Mitchell,CK Holder,4,0,,,,,,,,,
1233958,2020/21,2020-12-11,Basin Reserve,1,78.4,New Zealand,West Indies,HM Nicholls,DJ Mitchell,CK Holder,0,0,,,,,,,,,
1233958,2020/21,2020-12-11,Basin Reserve,1,78.5,New Zealand,West Indies,HM Nicholls,DJ Mitchell,CK Holder,0,0,,,,,,,,,
1233958,2020/21,2020-12-11,Basin Reserve,1,78.6,New Zealand,West Indies,HM Nicholls,DJ Mitchell,CK Holder,2,0,,,,,,,,,
1233958,2020/21,2020-12-11,Basin Reserve,1,79.1,New Zealand,West Indies,DJ Mitchell,HM Nicholls,RL Chase,0,0,,,,,,,,,
1233958,2020/21,2020-12-11,Basin Reserve,1,79.2,New Zealand,West Indies,DJ Mitchell,HM Nicholls,RL Chase,0,0,,,,,,,,,
1233958,2020/21,2020-12-11,Basin Reserve,1,79.3,New Zealand,West Indies,DJ Mitchell,HM Nicholls,RL Chase,0,0,,,,,,,,,
1233958,2020/21,2020-12-11,Basin Reserve,1,79.4,New Zealand,West Indies,DJ Mitchell,HM Nicholls,RL Chase,0,0,,,,,,,,,
1233958,2020/21,2020-12-11,Basin Reserve,1,79.5,New Zealand,West Indies,DJ Mitchell,HM Nicholls,RL Chase,0,0,,,,,,,,,
1233958,2020/21,2020-12-11,Basin Reserve,1,79.6,New Zealand,West Indies,DJ Mitchell,HM Nicholls,RL Chase,0,0,,,,,,,,,
1233958,2020/21,2020-12-11,Basin Reserve,1,80.1,New Zealand,West Indies,HM Nicholls,DJ Mitchell,CK Holder,0,0,,,,,,,,,
1233958,2020/21,2020-12-11,Basin Reserve,1,80.2,New Zealand,West Indies,HM Nicholls,DJ Mitchell,CK Holder,0,0,,,,,,,,,
1233958,2020/21,2020-12-11,Basin Reserve,1,80.3,New Zealand,West Indies,HM Nicholls,DJ Mitchell,CK Holder,0,0,,,,,,,,,
1233958,2020/21,2020-12-11,Basin Reserve,1,80.4,New Zealand,West Indies,HM Nicholls,DJ Mitchell,CK Holder,0,0,,,,,,,,,
1233958,2020/21,2020-12-11,Basin Reserve,1,80.5,New Zealand,West Indies,HM Nicholls,DJ Mitchell,CK Holder,1,0,,,,,,,,,
1233958,2020/21,2020-12-11,Basin Reserve,1,80.6,New Zealand,West Indies,DJ Mitchell,HM Nicholls,CK Holder,0,0,,,,,,lbw,DJ Mitchell,,
1233958,2020/21,2020-12-11,Basin Reserve,1,81.1,New Zealand,West Indies,HM Nicholls,KA Jamieson,JO Holder,1,0,,,,,,,,,
1233958,2020/21,2020-12-11,Basin Reserve,1,81.2,New Zealand,West Indies,KA Jamieson,HM Nicholls,JO Holder,0,0,,,,,,,,,
1233958,2020/21,2020-12-11,Basin Reserve,1,81.3,New Zealand,West Indies,KA Jamieson,HM Nicholls,JO Holder,0,0,,,,,,,,,
1233958,2020/21,2020-12-11,Basin Reserve,1,81.4,New Zealand,West Indies,KA Jamieson,HM Nicholls,JO Holder,0,0,,,,,,,,,
1233958,2020/21,2020-12-11,Basin Reserve,1,81.5,New Zealand,West Indies,KA Jamieson,HM Nicholls,JO Holder,0,0,,,,,,,,,
1233958,2020/21,2020-12-11,Basin Reserve,1,81.6,New Zealand,West Indies,KA Jamieson,HM Nicholls,JO Holder,0,0,,,,,,,,,
1233958,2020/21,2020-12-11,Basin Reserve,1,82.1,New Zealand,West Indies,HM Nicholls,KA Jamieson,CK Holder,0,0,,,,,,,,,
1233958,2020/21,2020-12-11,Basin Reserve,1,82.2,New Zealand,West Indies,HM Nicholls,KA Jamieson,CK Holder,0,0,,,,,,,,,
1233958,2020/21,2020-12-11,Basin Reserve,1,82.3,New Zealand,West Indies,HM Nicholls,KA Jamieson,CK Holder,1,0,,,,,,,,,
1233958,2020/21,2020-12-11,Basin Reserve,1,82.4,New Zealand,West Indies,KA Jamieson,HM Nicholls,CK Holder,0,1,,,1,,,,,,
1233958,2020/21,2020-12-11,Basin Reserve,1,82.5,New Zealand,West Indies,HM Nicholls,KA Jamieson,CK Holder,0,0,,,,,,,,,
1233958,2020/21,2020-12-11,Basin Reserve,1,82.6,New Zealand,West Indies,HM Nicholls,KA Jamieson,CK Holder,0,0,,,,,,,,,
1233958,2020/21,2020-12-11,Basin Reserve,1,83.1,New Zealand,West Indies,KA Jamieson,HM Nicholls,JO Holder,1,0,,,,,,,,,
1233958,2020/21,2020-12-11,Basin Reserve,1,83.2,New Zealand,West Indies,HM Nicholls,KA Jamieson,JO Holder,4,0,,,,,,,,,
1233958,2020/21,2020-12-11,Basin Reserve,1,83.3,New Zealand,West Indies,HM Nicholls,KA Jamieson,JO Holder,0,0,,,,,,,,,
1233958,2020/21,2020-12-11,Basin Reserve,1,83.4,New Zealand,West Indies,HM Nicholls,KA Jamieson,JO Holder,0,0,,,,,,,,,
1233958,2020/21,2020-12-11,Basin Reserve,1,83.5,New Zealand,West Indies,HM Nicholls,KA Jamieson,JO Holder,0,0,,,,,,,,,
1233958,2020/21,2020-12-11,Basin Reserve,1,83.6,New Zealand,West Indies,HM Nicholls,KA Jamieson,JO Holder,0,0,,,,,,,,,
1233958,2020/21,2020-12-11,Basin Reserve,1,84.1,New Zealand,West Indies,KA Jamieson,HM Nicholls,ST Gabriel,0,0,,,,,,,,,
1233958,2020/21,2020-12-11,Basin Reserve,1,84.2,New Zealand,West Indies,KA Jamieson,HM Nicholls,ST Gabriel,0,0,,,,,,,,,
1233958,2020/21,2020-12-11,Basin Reserve,1,84.3,New Zealand,West Indies,KA Jamieson,HM Nicholls,ST Gabriel,0,0,,,,,,,,,
1233958,2020/21,2020-12-11,Basin Reserve,1,84.4,New Zealand,West Indies,KA Jamieson,HM Nicholls,ST Gabriel,3,0,,,,,,,,,
1233958,2020/21,2020-12-11,Basin Reserve,1,84.5,New Zealand,West Indies,HM Nicholls,KA Jamieson,ST Gabriel,4,0,,,,,,,,,
1233958,2020/21,2020-12-11,Basin Reserve,1,84.6,New Zealand,West Indies,HM Nicholls,KA Jamieson,ST Gabriel,0,0,,,,,,,,,
1233958,2020/21,2020-12-11,Basin Reserve,1,85.1,New Zealand,West Indies,KA Jamieson,HM Nicholls,CK Holder,4,0,,,,,,,,,
1233958,2020/21,2020-12-11,Basin Reserve,1,85.2,New Zealand,West Indies,KA Jamieson,HM Nicholls,CK Holder,0,0,,,,,,,,,
1233958,2020/21,2020-12-11,Basin Reserve,1,85.3,New Zealand,West Indies,KA Jamieson,HM Nicholls,CK Holder,0,0,,,,,,,,,
1233958,2020/21,2020-12-11,Basin Reserve,1,85.4,New Zealand,West Indies,KA Jamieson,HM Nicholls,CK Holder,0,0,,,,,,,,,
1233958,2020/21,2020-12-11,Basin Reserve,1,85.5,New Zealand,West Indies,KA Jamieson,HM Nicholls,CK Holder,0,0,,,,,,,,,
1233958,2020/21,2020-12-11,Basin Reserve,1,85.6,New Zealand,West Indies,KA Jamieson,HM Nicholls,CK Holder,1,0,,,,,,,,,
1233958,2020/21,2020-12-11,Basin Reserve,1,86.1,New Zealand,West Indies,KA Jamieson,HM Nicholls,ST Gabriel,0,0,,,,,,,,,
1233958,2020/21,2020-12-11,Basin Reserve,1,86.2,New Zealand,West Indies,KA Jamieson,HM Nicholls,ST Gabriel,0,0,,,,,,,,,
1233958,2020/21,2020-12-11,Basin Reserve,1,86.3,New Zealand,West Indies,KA Jamieson,HM Nicholls,ST Gabriel,0,0,,,,,,,,,
1233958,2020/21,2020-12-11,Basin Reserve,1,86.4,New Zealand,West Indies,KA Jamieson,HM Nicholls,ST Gabriel,0,0,,,,,,,,,
1233958,2020/21,2020-12-11,Basin Reserve,1,86.5,New Zealand,West Indies,KA Jamieson,HM Nicholls,ST Gabriel,0,0,,,,,,,,,
1233958,2020/21,2020-12-11,Basin Reserve,1,86.6,New Zealand,West Indies,KA Jamieson,HM Nicholls,ST Gabriel,0,0,,,,,,,,,
1233958,2020/21,2020-12-11,Basin Reserve,1,87.1,New Zealand,West Indies,HM Nicholls,KA Jamieson,CK Holder,0,0,,,,,,,,,
1233958,2020/21,2020-12-11,Basin Reserve,1,87.2,New Zealand,West Indies,HM Nicholls,KA Jamieson,CK Holder,1,0,,,,,,,,,
1233958,2020/21,2020-12-11,Basin Reserve,1,87.3,New Zealand,West Indies,KA Jamieson,HM Nicholls,CK Holder,0,0,,,,,,,,,
1233958,2020/21,2020-12-11,Basin Reserve,1,87.4,New Zealand,West Indies,KA Jamieson,HM Nicholls,CK Holder,0,0,,,,,,,,,
1233958,2020/21,2020-12-11,Basin Reserve,1,87.5,New Zealand,West Indies,KA Jamieson,HM Nicholls,CK Holder,0,0,,,,,,,,,
1233958,2020/21,2020-12-11,Basin Reserve,1,87.6,New Zealand,West Indies,KA Jamieson,HM Nicholls,CK Holder,0,0,,,,,,,,,
1233958,2020/21,2020-12-11,Basin Reserve,1,88.1,New Zealand,West Indies,HM Nicholls,KA Jamieson,ST Gabriel,4,0,,,,,,,,,
1233958,2020/21,2020-12-11,Basin Reserve,1,88.2,New Zealand,West Indies,HM Nicholls,KA Jamieson,ST Gabriel,0,0,,,,,,,,,
1233958,2020/21,2020-12-11,Basin Reserve,1,88.3,New Zealand,West Indies,HM Nicholls,KA Jamieson,ST Gabriel,0,0,,,,,,,,,
1233958,2020/21,2020-12-11,Basin Reserve,1,88.4,New Zealand,West Indies,HM Nicholls,KA Jamieson,ST Gabriel,0,0,,,,,,,,,
1233958,2020/21,2020-12-11,Basin Reserve,1,88.5,New Zealand,West Indies,HM Nicholls,KA Jamieson,ST Gabriel,0,0,,,,,,,,,
1233958,2020/21,2020-12-11,Basin Reserve,1,88.6,New Zealand,West Indies,HM Nicholls,KA Jamieson,ST Gabriel,4,0,,,,,,,,,
1233958,2020/21,2020-12-11,Basin Reserve,1,89.1,New Zealand,West Indies,KA Jamieson,HM Nicholls,CK Holder,0,0,,,,,,,,,
1233958,2020/21,2020-12-11,Basin Reserve,1,89.2,New Zealand,West Indies,KA Jamieson,HM Nicholls,CK Holder,0,0,,,,,,,,,
1233958,2020/21,2020-12-11,Basin Reserve,1,89.3,New Zealand,West Indies,KA Jamieson,HM Nicholls,CK Holder,1,0,,,,,,,,,
1233958,2020/21,2020-12-11,Basin Reserve,1,89.4,New Zealand,West Indies,HM Nicholls,KA Jamieson,CK Holder,0,0,,,,,,,,,
1233958,2020/21,2020-12-11,Basin Reserve,1,89.5,New Zealand,West Indies,HM Nicholls,KA Jamieson,CK Holder,0,0,,,,,,,,,
1233958,2020/21,2020-12-11,Basin Reserve,1,89.6,New Zealand,West Indies,HM Nicholls,KA Jamieson,CK Holder,0,0,,,,,,,,,
1233958,2020/21,2020-12-11,Basin Reserve,1,90.1,New Zealand,West Indies,KA Jamieson,HM Nicholls,ST Gabriel,0,0,,,,,,,,,
1233958,2020/21,2020-12-11,Basin Reserve,1,90.2,New Zealand,West Indies,KA Jamieson,HM Nicholls,ST Gabriel,0,0,,,,,,,,,
1233958,2020/21,2020-12-11,Basin Reserve,1,90.3,New Zealand,West Indies,KA Jamieson,HM Nicholls,ST Gabriel,0,0,,,,,,,,,
1233958,2020/21,2020-12-11,Basin Reserve,1,90.4,New Zealand,West Indies,KA Jamieson,HM Nicholls,ST Gabriel,0,0,,,,,,,,,
1233958,2020/21,2020-12-11,Basin Reserve,1,90.5,New Zealand,West Indies,KA Jamieson,HM Nicholls,ST Gabriel,0,0,,,,,,,,,
1233958,2020/21,2020-12-11,Basin Reserve,1,90.6,New Zealand,West Indies,KA Jamieson,HM Nicholls,ST Gabriel,0,0,,,,,,,,,
1233958,2020/21,2020-12-11,Basin Reserve,1,91.1,New Zealand,West Indies,HM Nicholls,KA Jamieson,CK Holder,1,0,,,,,,,,,
1233958,2020/21,2020-12-11,Basin Reserve,1,91.2,New Zealand,West Indies,KA Jamieson,HM Nicholls,CK Holder,0,0,,,,,,,,,
1233958,2020/21,2020-12-11,Basin Reserve,1,91.3,New Zealand,West Indies,KA Jamieson,HM Nicholls,CK Holder,4,0,,,,,,,,,
1233958,2020/21,2020-12-11,Basin Reserve,1,91.4,New Zealand,West Indies,KA Jamieson,HM Nicholls,CK Holder,1,0,,,,,,,,,
1233958,2020/21,2020-12-11,Basin Reserve,1,91.5,New Zealand,West Indies,HM Nicholls,KA Jamieson,CK Holder,0,0,,,,,,,,,
1233958,2020/21,2020-12-11,Basin Reserve,1,91.6,New Zealand,West Indies,HM Nicholls,KA Jamieson,CK Holder,1,0,,,,,,,,,
1233958,2020/21,2020-12-11,Basin Reserve,1,92.1,New Zealand,West Indies,HM Nicholls,KA Jamieson,ST Gabriel,0,0,,,,,,,,,
1233958,2020/21,2020-12-11,Basin Reserve,1,92.2,New Zealand,West Indies,HM Nicholls,KA Jamieson,ST Gabriel,0,0,,,,,,,,,
1233958,2020/21,2020-12-11,Basin Reserve,1,92.3,New Zealand,West Indies,HM Nicholls,KA Jamieson,ST Gabriel,0,0,,,,,,,,,
1233958,2020/21,2020-12-11,Basin Reserve,1,92.4,New Zealand,West Indies,HM Nicholls,KA Jamieson,ST Gabriel,1,0,,,,,,,,,
1233958,2020/21,2020-12-11,Basin Reserve,1,92.5,New Zealand,West Indies,KA Jamieson,HM Nicholls,ST Gabriel,0,0,,,,,,,,,
1233958,2020/21,2020-12-11,Basin Reserve,1,92.6,New Zealand,West Indies,KA Jamieson,HM Nicholls,ST Gabriel,0,0,,,,,,,,,
1233958,2020/21,2020-12-11,Basin Reserve,1,93.1,New Zealand,West Indies,HM Nicholls,KA Jamieson,CK Holder,0,0,,,,,,,,,
1233958,2020/21,2020-12-11,Basin Reserve,1,93.2,New Zealand,West Indies,HM Nicholls,KA Jamieson,CK Holder,0,0,,,,,,,,,
1233958,2020/21,2020-12-11,Basin Reserve,1,93.3,New Zealand,West Indies,HM Nicholls,KA Jamieson,CK Holder,0,0,,,,,,,,,
1233958,2020/21,2020-12-11,Basin Reserve,1,93.4,New Zealand,West Indies,HM Nicholls,KA Jamieson,CK Holder,2,0,,,,,,,,,
1233958,2020/21,2020-12-11,Basin Reserve,1,93.5,New Zealand,West Indies,HM Nicholls,KA Jamieson,CK Holder,0,0,,,,,,,,,
1233958,2020/21,2020-12-11,Basin Reserve,1,93.6,New Zealand,West Indies,HM Nicholls,KA Jamieson,CK Holder,0,0,,,,,,,,,
1233958,2020/21,2020-12-11,Basin Reserve,1,94.1,New Zealand,West Indies,KA Jamieson,HM Nicholls,JO Holder,0,0,,,,,,,,,
1233958,2020/21,2020-12-11,Basin Reserve,1,94.2,New Zealand,West Indies,KA Jamieson,HM Nicholls,JO Holder,0,0,,,,,,,,,
1233958,2020/21,2020-12-11,Basin Reserve,1,94.3,New Zealand,West Indies,KA Jamieson,HM Nicholls,JO Holder,0,0,,,,,,,,,
1233958,2020/21,2020-12-11,Basin Reserve,1,94.4,New Zealand,West Indies,KA Jamieson,HM Nicholls,JO Holder,0,0,,,,,,,,,
1233958,2020/21,2020-12-11,Basin Reserve,1,94.5,New Zealand,West Indies,KA Jamieson,HM Nicholls,JO Holder,4,0,,,,,,,,,
1233958,2020/21,2020-12-11,Basin Reserve,1,94.6,New Zealand,West Indies,KA Jamieson,HM Nicholls,JO Holder,0,0,,,,,,,,,
1233958,2020/21,2020-12-11,Basin Reserve,1,95.1,New Zealand,West Indies,HM Nicholls,KA Jamieson,CK Holder,0,0,,,,,,,,,
1233958,2020/21,2020-12-11,Basin Reserve,1,95.2,New Zealand,West Indies,HM Nicholls,KA Jamieson,CK Holder,1,0,,,,,,,,,
1233958,2020/21,2020-12-11,Basin Reserve,1,95.3,New Zealand,West Indies,KA Jamieson,HM Nicholls,CK Holder,0,1,1,,,,,,,,
1233958,2020/21,2020-12-11,Basin Reserve,1,95.4,New Zealand,West Indies,KA Jamieson,HM Nicholls,CK Holder,0,0,,,,,,,,,
1233958,2020/21,2020-12-11,Basin Reserve,1,95.5,New Zealand,West Indies,KA Jamieson,HM Nicholls,CK Holder,1,0,,,,,,,,,
1233958,2020/21,2020-12-11,Basin Reserve,1,95.6,New Zealand,West Indies,HM Nicholls,KA Jamieson,CK Holder,2,0,,,,,,,,,
1233958,2020/21,2020-12-11,Basin Reserve,1,95.7,New Zealand,West Indies,HM Nicholls,KA Jamieson,CK Holder,0,0,,,,,,,,,
1233958,2020/21,2020-12-11,Basin Reserve,1,96.1,New Zealand,West Indies,KA Jamieson,HM Nicholls,JO Holder,0,0,,,,,,,,,
1233958,2020/21,2020-12-11,Basin Reserve,1,96.2,New Zealand,West Indies,KA Jamieson,HM Nicholls,JO Holder,0,0,,,,,,,,,
1233958,2020/21,2020-12-11,Basin Reserve,1,96.3,New Zealand,West Indies,KA Jamieson,HM Nicholls,JO Holder,0,0,,,,,,,,,
1233958,2020/21,2020-12-11,Basin Reserve,1,96.4,New Zealand,West Indies,KA Jamieson,HM Nicholls,JO Holder,0,0,,,,,,,,,
1233958,2020/21,2020-12-11,Basin Reserve,1,96.5,New Zealand,West Indies,KA Jamieson,HM Nicholls,JO Holder,0,0,,,,,,,,,
1233958,2020/21,2020-12-11,Basin Reserve,1,96.6,New Zealand,West Indies,KA Jamieson,HM Nicholls,JO Holder,0,0,,,,,,,,,
1233958,2020/21,2020-12-11,Basin Reserve,1,97.1,New Zealand,West Indies,HM Nicholls,KA Jamieson,AS Joseph,1,0,,,,,,,,,
1233958,2020/21,2020-12-11,Basin Reserve,1,97.2,New Zealand,West Indies,KA Jamieson,HM Nicholls,AS Joseph,0,0,,,,,,,,,
1233958,2020/21,2020-12-11,Basin Reserve,1,97.3,New Zealand,West Indies,KA Jamieson,HM Nicholls,AS Joseph,0,0,,,,,,caught,KA Jamieson,,
1233958,2020/21,2020-12-11,Basin Reserve,1,97.4,New Zealand,West Indies,TG Southee,HM Nicholls,AS Joseph,0,0,,,,,,,,,
1233958,2020/21,2020-12-11,Basin Reserve,1,97.5,New Zealand,West Indies,TG Southee,HM Nicholls,AS Joseph,0,0,,,,,,,,,
1233958,2020/21,2020-12-11,Basin Reserve,1,97.6,New Zealand,West Indies,TG Southee,HM Nicholls,AS Joseph,0,0,,,,,,,,,
1233958,2020/21,2020-12-11,Basin Reserve,1,98.1,New Zealand,West Indies,HM Nicholls,TG Southee,JO Holder,0,0,,,,,,,,,
1233958,2020/21,2020-12-11,Basin Reserve,1,98.2,New Zealand,West Indies,HM Nicholls,TG Southee,JO Holder,0,0,,,,,,,,,
1233958,2020/21,2020-12-11,Basin Reserve,1,98.3,New Zealand,West Indies,HM Nicholls,TG Southee,JO Holder,1,0,,,,,,,,,
1233958,2020/21,2020-12-11,Basin Reserve,1,98.4,New Zealand,West Indies,TG Southee,HM Nicholls,JO Holder,0,0,,,,,,,,,
1233958,2020/21,2020-12-11,Basin Reserve,1,98.5,New Zealand,West Indies,TG Southee,HM Nicholls,JO Holder,0,0,,,,,,,,,
1233958,2020/21,2020-12-11,Basin Reserve,1,98.6,New Zealand,West Indies,TG Southee,HM Nicholls,JO Holder,0,0,,,,,,,,,
1233958,2020/21,2020-12-11,Basin Reserve,1,99.1,New Zealand,West Indies,HM Nicholls,TG Southee,AS Joseph,0,0,,,,,,,,,
1233958,2020/21,2020-12-11,Basin Reserve,1,99.2,New Zealand,West Indies,HM Nicholls,TG Southee,AS Joseph,4,0,,,,,,,,,
1233958,2020/21,2020-12-11,Basin Reserve,1,99.3,New Zealand,West Indies,HM Nicholls,TG Southee,AS Joseph,0,0,,,,,,,,,
1233958,2020/21,2020-12-11,Basin Reserve,1,99.4,New Zealand,West Indies,HM Nicholls,TG Southee,AS Joseph,0,5,5,,,,,,,,
1233958,2020/21,2020-12-11,Basin Reserve,1,99.5,New Zealand,West Indies,HM Nicholls,TG Southee,AS Joseph,0,1,,,,1,,,,,
1233958,2020/21,2020-12-11,Basin Reserve,1,99.6,New Zealand,West Indies,TG Southee,HM Nicholls,AS Joseph,1,0,,,,,,,,,
1233958,2020/21,2020-12-11,Basin Reserve,1,99.7,New Zealand,West Indies,HM Nicholls,TG Southee,AS Joseph,0,0,,,,,,,,,
1233958,2020/21,2020-12-11,Basin Reserve,1,100.1,New Zealand,West Indies,TG Southee,HM Nicholls,JO Holder,4,0,,,,,,,,,
1233958,2020/21,2020-12-11,Basin Reserve,1,100.2,New Zealand,West Indies,TG Southee,HM Nicholls,JO Holder,1,0,,,,,,,,,
1233958,2020/21,2020-12-11,Basin Reserve,1,100.3,New Zealand,West Indies,HM Nicholls,TG Southee,JO Holder,0,0,,,,,,,,,
1233958,2020/21,2020-12-11,Basin Reserve,1,100.4,New Zealand,West Indies,HM Nicholls,TG Southee,JO Holder,0,0,,,,,,,,,
1233958,2020/21,2020-12-11,Basin Reserve,1,100.5,New Zealand,West Indies,HM Nicholls,TG Southee,JO Holder,1,0,,,,,,,,,
1233958,2020/21,2020-12-11,Basin Reserve,1,100.6,New Zealand,West Indies,TG Southee,HM Nicholls,JO Holder,1,0,,,,,,,,,
1233958,2020/21,2020-12-11,Basin Reserve,1,101.1,New Zealand,West Indies,TG Southee,HM Nicholls,AS Joseph,4,0,,,,,,,,,
1233958,2020/21,2020-12-11,Basin Reserve,1,101.2,New Zealand,West Indies,TG Southee,HM Nicholls,AS Joseph,0,0,,,,,,bowled,TG Southee,,
1233958,2020/21,2020-12-11,Basin Reserve,1,101.3,New Zealand,West Indies,N Wagner,HM Nicholls,AS Joseph,0,0,,,,,,,,,
1233958,2020/21,2020-12-11,Basin Reserve,1,101.4,New Zealand,West Indies,N Wagner,HM Nicholls,AS Joseph,0,0,,,,,,,,,
1233958,2020/21,2020-12-11,Basin Reserve,1,101.5,New Zealand,West Indies,N Wagner,HM Nicholls,AS Joseph,0,0,,,,,,,,,
1233958,2020/21,2020-12-11,Basin Reserve,1,101.6,New Zealand,West Indies,N Wagner,HM Nicholls,AS Joseph,0,0,,,,,,,,,
1233958,2020/21,2020-12-11,Basin Reserve,1,102.1,New Zealand,West Indies,HM Nicholls,N Wagner,JO Holder,0,0,,,,,,,,,
1233958,2020/21,2020-12-11,Basin Reserve,1,102.2,New Zealand,West Indies,HM Nicholls,N Wagner,JO Holder,1,0,,,,,,,,,
1233958,2020/21,2020-12-11,Basin Reserve,1,102.3,New Zealand,West Indies,N Wagner,HM Nicholls,JO Holder,0,0,,,,,,,,,
1233958,2020/21,2020-12-11,Basin Reserve,1,102.4,New Zealand,West Indies,N Wagner,HM Nicholls,JO Holder,4,0,,,,,,,,,
1233958,2020/21,2020-12-11,Basin Reserve,1,102.5,New Zealand,West Indies,N Wagner,HM Nicholls,JO Holder,2,0,,,,,,,,,
1233958,2020/21,2020-12-11,Basin Reserve,1,102.6,New Zealand,West Indies,N Wagner,HM Nicholls,JO Holder,4,0,,,,,,,,,
1233958,2020/21,2020-12-11,Basin Reserve,1,103.1,New Zealand,West Indies,HM Nicholls,N Wagner,AS Joseph,1,0,,,,,,,,,
1233958,2020/21,2020-12-11,Basin Reserve,1,103.2,New Zealand,West Indies,N Wagner,HM Nicholls,AS Joseph,6,0,,,,,,,,,
1233958,2020/21,2020-12-11,Basin Reserve,1,103.3,New Zealand,West Indies,N Wagner,HM Nicholls,AS Joseph,0,0,,,,,,,,,
1233958,2020/21,2020-12-11,Basin Reserve,1,103.4,New Zealand,West Indies,N Wagner,HM Nicholls,AS Joseph,4,0,,,,,,,,,
1233958,2020/21,2020-12-11,Basin Reserve,1,103.5,New Zealand,West Indies,N Wagner,HM Nicholls,AS Joseph,0,0,,,,,,,,,
1233958,2020/21,2020-12-11,Basin Reserve,1,103.6,New Zealand,West Indies,N Wagner,HM Nicholls,AS Joseph,0,0,,,,,,,,,
1233958,2020/21,2020-12-11,Basin Reserve,1,104.1,New Zealand,West Indies,HM Nicholls,N Wagner,ST Gabriel,2,0,,,,,,,,,
1233958,2020/21,2020-12-11,Basin Reserve,1,104.2,New Zealand,West Indies,HM Nicholls,N Wagner,ST Gabriel,1,0,,,,,,,,,
1233958,2020/21,2020-12-11,Basin Reserve,1,104.3,New Zealand,West Indies,N Wagner,HM Nicholls,ST Gabriel,0,0,,,,,,,,,
1233958,2020/21,2020-12-11,Basin Reserve,1,104.4,New Zealand,West Indies,N Wagner,HM Nicholls,ST Gabriel,0,0,,,,,,,,,
1233958,2020/21,2020-12-11,Basin Reserve,1,104.5,New Zealand,West Indies,N Wagner,HM Nicholls,ST Gabriel,1,0,,,,,,,,,
1233958,2020/21,2020-12-11,Basin Reserve,1,104.6,New Zealand,West Indies,HM Nicholls,N Wagner,ST Gabriel,2,0,,,,,,,,,
1233958,2020/21,2020-12-11,Basin Reserve,1,105.1,New Zealand,West Indies,N Wagner,HM Nicholls,AS Joseph,4,0,,,,,,,,,
1233958,2020/21,2020-12-11,Basin Reserve,1,105.2,New Zealand,West Indies,N Wagner,HM Nicholls,AS Joseph,0,0,,,,,,,,,
1233958,2020/21,2020-12-11,Basin Reserve,1,105.3,New Zealand,West Indies,N Wagner,HM Nicholls,AS Joseph,6,0,,,,,,,,,
1233958,2020/21,2020-12-11,Basin Reserve,1,105.4,New Zealand,West Indies,N Wagner,HM Nicholls,AS Joseph,4,0,,,,,,,,,
1233958,2020/21,2020-12-11,Basin Reserve,1,105.5,New Zealand,West Indies,N Wagner,HM Nicholls,AS Joseph,0,0,,,,,,,,,
1233958,2020/21,2020-12-11,Basin Reserve,1,105.6,New Zealand,West Indies,N Wagner,HM Nicholls,AS Joseph,4,0,,,,,,,,,
1233958,2020/21,2020-12-11,Basin Reserve,1,106.1,New Zealand,West Indies,HM Nicholls,N Wagner,ST Gabriel,0,0,,,,,,,,,
1233958,2020/21,2020-12-11,Basin Reserve,1,106.2,New Zealand,West Indies,HM Nicholls,N Wagner,ST Gabriel,4,0,,,,,,,,,
1233958,2020/21,2020-12-11,Basin Reserve,1,106.3,New Zealand,West Indies,HM Nicholls,N Wagner,ST Gabriel,1,0,,,,,,,,,
1233958,2020/21,2020-12-11,Basin Reserve,1,106.4,New Zealand,West Indies,N Wagner,HM Nicholls,ST Gabriel,0,0,,,,,,,,,
1233958,2020/21,2020-12-11,Basin Reserve,1,106.5,New Zealand,West Indies,N Wagner,HM Nicholls,ST Gabriel,6,0,,,,,,,,,
1233958,2020/21,2020-12-11,Basin Reserve,1,106.6,New Zealand,West Indies,N Wagner,HM Nicholls,ST Gabriel,0,0,,,,,,,,,
1233958,2020/21,2020-12-11,Basin Reserve,1,107.1,New Zealand,West Indies,HM Nicholls,N Wagner,RL Chase,0,0,,,,,,,,,
1233958,2020/21,2020-12-11,Basin Reserve,1,107.2,New Zealand,West Indies,HM Nicholls,N Wagner,RL Chase,1,0,,,,,,,,,
1233958,2020/21,2020-12-11,Basin Reserve,1,107.3,New Zealand,West Indies,N Wagner,HM Nicholls,RL Chase,0,0,,,,,,,,,
1233958,2020/21,2020-12-11,Basin Reserve,1,107.4,New Zealand,West Indies,N Wagner,HM Nicholls,RL Chase,1,0,,,,,,,,,
1233958,2020/21,2020-12-11,Basin Reserve,1,107.5,New Zealand,West Indies,HM Nicholls,N Wagner,RL Chase,1,0,,,,,,,,,
1233958,2020/21,2020-12-11,Basin Reserve,1,107.6,New Zealand,West Indies,N Wagner,HM Nicholls,RL Chase,0,0,,,,,,,,,
1233958,2020/21,2020-12-11,Basin Reserve,1,108.1,New Zealand,West Indies,HM Nicholls,N Wagner,ST Gabriel,1,0,,,,,,,,,
1233958,2020/21,2020-12-11,Basin Reserve,1,108.2,New Zealand,West Indies,N Wagner,HM Nicholls,ST Gabriel,0,0,,,,,,,,,
1233958,2020/21,2020-12-11,Basin Reserve,1,108.3,New Zealand,West Indies,N Wagner,HM Nicholls,ST Gabriel,2,0,,,,,,,,,
1233958,2020/21,2020-12-11,Basin Reserve,1,108.4,New Zealand,West Indies,N Wagner,HM Nicholls,ST Gabriel,0,0,,,,,,,,,
1233958,2020/21,2020-12-11,Basin Reserve,1,108.5,New Zealand,West Indies,N Wagner,HM Nicholls,ST Gabriel,0,0,,,,,,,,,
1233958,2020/21,2020-12-11,Basin Reserve,1,108.6,New Zealand,West Indies,N Wagner,HM Nicholls,ST Gabriel,0,0,,,,,,,,,
1233958,2020/21,2020-12-11,Basin Reserve,1,109.1,New Zealand,West Indies,HM Nicholls,N Wagner,RL Chase,0,0,,,,,,,,,
1233958,2020/21,2020-12-11,Basin Reserve,1,109.2,New Zealand,West Indies,HM Nicholls,N Wagner,RL Chase,0,0,,,,,,,,,
1233958,2020/21,2020-12-11,Basin Reserve,1,109.3,New Zealand,West Indies,HM Nicholls,N Wagner,RL Chase,0,0,,,,,,,,,
1233958,2020/21,2020-12-11,Basin Reserve,1,109.4,New Zealand,West Indies,HM Nicholls,N Wagner,RL Chase,1,0,,,,,,,,,
1233958,2020/21,2020-12-11,Basin Reserve,1,109.5,New Zealand,West Indies,N Wagner,HM Nicholls,RL Chase,0,0,,,,,,,,,
1233958,2020/21,2020-12-11,Basin Reserve,1,109.6,New Zealand,West Indies,N Wagner,HM Nicholls,RL Chase,0,0,,,,,,,,,
1233958,2020/21,2020-12-11,Basin Reserve,1,110.1,New Zealand,West Indies,HM Nicholls,N Wagner,CK Holder,0,0,,,,,,,,,
1233958,2020/21,2020-12-11,Basin Reserve,1,110.2,New Zealand,West Indies,HM Nicholls,N Wagner,CK Holder,3,0,,,,,,,,,
1233958,2020/21,2020-12-11,Basin Reserve,1,110.3,New Zealand,West Indies,N Wagner,HM Nicholls,CK Holder,2,0,,,,,,,,,
1233958,2020/21,2020-12-11,Basin Reserve,1,110.4,New Zealand,West Indies,N Wagner,HM Nicholls,CK Holder,0,0,,,,,,,,,
1233958,2020/21,2020-12-11,Basin Reserve,1,110.5,New Zealand,West Indies,N Wagner,HM Nicholls,CK Holder,4,0,,,,,,,,,
1233958,2020/21,2020-12-11,Basin Reserve,1,110.6,New Zealand,West Indies,N Wagner,HM Nicholls,CK Holder,4,0,,,,,,,,,
1233958,2020/21,2020-12-11,Basin Reserve,1,111.1,New Zealand,West Indies,HM Nicholls,N Wagner,RL Chase,0,0,,,,,,,,,
1233958,2020/21,2020-12-11,Basin Reserve,1,111.2,New Zealand,West Indies,HM Nicholls,N Wagner,RL Chase,2,0,,,,,,,,,
1233958,2020/21,2020-12-11,Basin Reserve,1,111.3,New Zealand,West Indies,HM Nicholls,N Wagner,RL Chase,1,0,,,,,,,,,
1233958,2020/21,2020-12-11,Basin Reserve,1,111.4,New Zealand,West Indies,N Wagner,HM Nicholls,RL Chase,1,0,,,,,,,,,
1233958,2020/21,2020-12-11,Basin Reserve,1,111.5,New Zealand,West Indies,HM Nicholls,N Wagner,RL Chase,0,0,,,,,,,,,
1233958,2020/21,2020-12-11,Basin Reserve,1,111.6,New Zealand,West Indies,HM Nicholls,N Wagner,RL Chase,1,0,,,,,,,,,
1233958,2020/21,2020-12-11,Basin Reserve,1,112.1,New Zealand,West Indies,HM Nicholls,N Wagner,CK Holder,0,0,,,,,,,,,
1233958,2020/21,2020-12-11,Basin Reserve,1,112.2,New Zealand,West Indies,HM Nicholls,N Wagner,CK Holder,0,0,,,,,,,,,
1233958,2020/21,2020-12-11,Basin Reserve,1,112.3,New Zealand,West Indies,HM Nicholls,N Wagner,CK Holder,4,0,,,,,,,,,
1233958,2020/21,2020-12-11,Basin Reserve,1,112.4,New Zealand,West Indies,HM Nicholls,N Wagner,CK Holder,0,0,,,,,,,,,
1233958,2020/21,2020-12-11,Basin Reserve,1,112.5,New Zealand,West Indies,HM Nicholls,N Wagner,CK Holder,1,0,,,,,,,,,
1233958,2020/21,2020-12-11,Basin Reserve,1,112.6,New Zealand,West Indies,N Wagner,HM Nicholls,CK Holder,6,0,,,,,,,,,
1233958,2020/21,2020-12-11,Basin Reserve,1,113.1,New Zealand,West Indies,HM Nicholls,N Wagner,RL Chase,1,0,,,,,,,,,
1233958,2020/21,2020-12-11,Basin Reserve,1,113.2,New Zealand,West Indies,N Wagner,HM Nicholls,RL Chase,1,0,,,,,,,,,
1233958,2020/21,2020-12-11,Basin Reserve,1,113.3,New Zealand,West Indies,HM Nicholls,N Wagner,RL Chase,0,0,,,,,,caught,HM Nicholls,,
1233958,2020/21,2020-12-11,Basin Reserve,1,113.4,New Zealand,West Indies,TA Boult,N Wagner,RL Chase,6,0,,,,,,,,,
1233958,2020/21,2020-12-11,Basin Reserve,1,113.5,New Zealand,West Indies,TA Boult,N Wagner,RL Chase,0,0,,,,,,,,,
1233958,2020/21,2020-12-11,Basin Reserve,1,113.6,New Zealand,West Indies,TA Boult,N Wagner,RL Chase,0,0,,,,,,caught,TA Boult,,
1233958,2020/21,2020-12-11,Basin Reserve,2,0.1,West Indies,New Zealand,KC Brathwaite,JD Campbell,TG Southee,0,0,,,,,,,,,
1233958,2020/21,2020-12-11,Basin Reserve,2,0.2,West Indies,New Zealand,KC Brathwaite,JD Campbell,TG Southee,0,0,,,,,,,,,
1233958,2020/21,2020-12-11,Basin Reserve,2,0.3,West Indies,New Zealand,KC Brathwaite,JD Campbell,TG Southee,0,0,,,,,,,,,
1233958,2020/21,2020-12-11,Basin Reserve,2,0.4,West Indies,New Zealand,KC Brathwaite,JD Campbell,TG Southee,0,0,,,,,,,,,
1233958,2020/21,2020-12-11,Basin Reserve,2,0.5,West Indies,New Zealand,KC Brathwaite,JD Campbell,TG Southee,0,0,,,,,,,,,
1233958,2020/21,2020-12-11,Basin Reserve,2,0.6,West Indies,New Zealand,KC Brathwaite,JD Campbell,TG Southee,0,0,,,,,,,,,
1233958,2020/21,2020-12-11,Basin Reserve,2,1.1,West Indies,New Zealand,JD Campbell,KC Brathwaite,TA Boult,0,0,,,,,,,,,
1233958,2020/21,2020-12-11,Basin Reserve,2,1.2,West Indies,New Zealand,JD Campbell,KC Brathwaite,TA Boult,0,0,,,,,,,,,
1233958,2020/21,2020-12-11,Basin Reserve,2,1.3,West Indies,New Zealand,JD Campbell,KC Brathwaite,TA Boult,0,0,,,,,,,,,
1233958,2020/21,2020-12-11,Basin Reserve,2,1.4,West Indies,New Zealand,JD Campbell,KC Brathwaite,TA Boult,0,0,,,,,,,,,
1233958,2020/21,2020-12-11,Basin Reserve,2,1.5,West Indies,New Zealand,JD Campbell,KC Brathwaite,TA Boult,0,0,,,,,,,,,
1233958,2020/21,2020-12-11,Basin Reserve,2,1.6,West Indies,New Zealand,JD Campbell,KC Brathwaite,TA Boult,0,0,,,,,,,,,
1233958,2020/21,2020-12-11,Basin Reserve,2,2.1,West Indies,New Zealand,KC Brathwaite,JD Campbell,TG Southee,0,0,,,,,,,,,
1233958,2020/21,2020-12-11,Basin Reserve,2,2.2,West Indies,New Zealand,KC Brathwaite,JD Campbell,TG Southee,0,0,,,,,,caught,KC Brathwaite,,
1233958,2020/21,2020-12-11,Basin Reserve,2,2.3,West Indies,New Zealand,DM Bravo,JD Campbell,TG Southee,0,0,,,,,,,,,
1233958,2020/21,2020-12-11,Basin Reserve,2,2.4,West Indies,New Zealand,DM Bravo,JD Campbell,TG Southee,0,0,,,,,,,,,
1233958,2020/21,2020-12-11,Basin Reserve,2,2.5,West Indies,New Zealand,DM Bravo,JD Campbell,TG Southee,0,0,,,,,,,,,
1233958,2020/21,2020-12-11,Basin Reserve,2,2.6,West Indies,New Zealand,DM Bravo,JD Campbell,TG Southee,0,0,,,,,,,,,
1233958,2020/21,2020-12-11,Basin Reserve,2,3.1,West Indies,New Zealand,JD Campbell,DM Bravo,TA Boult,0,0,,,,,,,,,
1233958,2020/21,2020-12-11,Basin Reserve,2,3.2,West Indies,New Zealand,JD Campbell,DM Bravo,TA Boult,0,0,,,,,,,,,
1233958,2020/21,2020-12-11,Basin Reserve,2,3.3,West Indies,New Zealand,JD Campbell,DM Bravo,TA Boult,0,0,,,,,,,,,
1233958,2020/21,2020-12-11,Basin Reserve,2,3.4,West Indies,New Zealand,JD Campbell,DM Bravo,TA Boult,0,0,,,,,,,,,
1233958,2020/21,2020-12-11,Basin Reserve,2,3.5,West Indies,New Zealand,JD Campbell,DM Bravo,TA Boult,3,0,,,,,,,,,
1233958,2020/21,2020-12-11,Basin Reserve,2,3.6,West Indies,New Zealand,DM Bravo,JD Campbell,TA Boult,0,0,,,,,,,,,
1233958,2020/21,2020-12-11,Basin Reserve,2,4.1,West Indies,New Zealand,JD Campbell,DM Bravo,TG Southee,4,0,,,,,,,,,
1233958,2020/21,2020-12-11,Basin Reserve,2,4.2,West Indies,New Zealand,JD Campbell,DM Bravo,TG Southee,0,0,,,,,,,,,
1233958,2020/21,2020-12-11,Basin Reserve,2,4.3,West Indies,New Zealand,JD Campbell,DM Bravo,TG Southee,0,0,,,,,,,,,
1233958,2020/21,2020-12-11,Basin Reserve,2,4.4,West Indies,New Zealand,JD Campbell,DM Bravo,TG Southee,0,0,,,,,,,,,
1233958,2020/21,2020-12-11,Basin Reserve,2,4.5,West Indies,New Zealand,JD Campbell,DM Bravo,TG Southee,0,0,,,,,,,,,
1233958,2020/21,2020-12-11,Basin Reserve,2,4.6,West Indies,New Zealand,JD Campbell,DM Bravo,TG Southee,2,0,,,,,,,,,
1233958,2020/21,2020-12-11,Basin Reserve,2,5.1,West Indies,New Zealand,DM Bravo,JD Campbell,TA Boult,4,0,,,,,,,,,
1233958,2020/21,2020-12-11,Basin Reserve,2,5.2,West Indies,New Zealand,DM Bravo,JD Campbell,TA Boult,0,0,,,,,,,,,
1233958,2020/21,2020-12-11,Basin Reserve,2,5.3,West Indies,New Zealand,DM Bravo,JD Campbell,TA Boult,0,0,,,,,,,,,
1233958,2020/21,2020-12-11,Basin Reserve,2,5.4,West Indies,New Zealand,DM Bravo,JD Campbell,TA Boult,0,0,,,,,,,,,
1233958,2020/21,2020-12-11,Basin Reserve,2,5.5,West Indies,New Zealand,DM Bravo,JD Campbell,TA Boult,0,0,,,,,,,,,
1233958,2020/21,2020-12-11,Basin Reserve,2,5.6,West Indies,New Zealand,DM Bravo,JD Campbell,TA Boult,1,0,,,,,,,,,
1233958,2020/21,2020-12-11,Basin Reserve,2,6.1,West Indies,New Zealand,DM Bravo,JD Campbell,TG Southee,0,0,,,,,,,,,
1233958,2020/21,2020-12-11,Basin Reserve,2,6.2,West Indies,New Zealand,DM Bravo,JD Campbell,TG Southee,0,0,,,,,,,,,
1233958,2020/21,2020-12-11,Basin Reserve,2,6.3,West Indies,New Zealand,DM Bravo,JD Campbell,TG Southee,2,0,,,,,,,,,
1233958,2020/21,2020-12-11,Basin Reserve,2,6.4,West Indies,New Zealand,DM Bravo,JD Campbell,TG Southee,0,0,,,,,,,,,
1233958,2020/21,2020-12-11,Basin Reserve,2,6.5,West Indies,New Zealand,DM Bravo,JD Campbell,TG Southee,0,0,,,,,,,,,
1233958,2020/21,2020-12-11,Basin Reserve,2,6.6,West Indies,New Zealand,DM Bravo,JD Campbell,TG Southee,0,0,,,,,,,,,
1233958,2020/21,2020-12-11,Basin Reserve,2,7.1,West Indies,New Zealand,JD Campbell,DM Bravo,TA Boult,0,0,,,,,,,,,
1233958,2020/21,2020-12-11,Basin Reserve,2,7.2,West Indies,New Zealand,JD Campbell,DM Bravo,TA Boult,0,1,,,,1,,,,,
1233958,2020/21,2020-12-11,Basin Reserve,2,7.3,West Indies,New Zealand,DM Bravo,JD Campbell,TA Boult,0,0,,,,,,,,,
1233958,2020/21,2020-12-11,Basin Reserve,2,7.4,West Indies,New Zealand,DM Bravo,JD Campbell,TA Boult,0,0,,,,,,,,,
1233958,2020/21,2020-12-11,Basin Reserve,2,7.5,West Indies,New Zealand,DM Bravo,JD Campbell,TA Boult,0,0,,,,,,,,,
1233958,2020/21,2020-12-11,Basin Reserve,2,7.6,West Indies,New Zealand,DM Bravo,JD Campbell,TA Boult,0,0,,,,,,,,,
1233958,2020/21,2020-12-11,Basin Reserve,2,8.1,West Indies,New Zealand,JD Campbell,DM Bravo,TG Southee,0,0,,,,,,,,,
1233958,2020/21,2020-12-11,Basin Reserve,2,8.2,West Indies,New Zealand,JD Campbell,DM Bravo,TG Southee,0,0,,,,,,,,,
1233958,2020/21,2020-12-11,Basin Reserve,2,8.3,West Indies,New Zealand,JD Campbell,DM Bravo,TG Southee,0,0,,,,,,,,,
1233958,2020/21,2020-12-11,Basin Reserve,2,8.4,West Indies,New Zealand,JD Campbell,DM Bravo,TG Southee,0,0,,,,,,,,,
1233958,2020/21,2020-12-11,Basin Reserve,2,8.5,West Indies,New Zealand,JD Campbell,DM Bravo,TG Southee,0,0,,,,,,,,,
1233958,2020/21,2020-12-11,Basin Reserve,2,8.6,West Indies,New Zealand,JD Campbell,DM Bravo,TG Southee,0,0,,,,,,,,,
1233958,2020/21,2020-12-11,Basin Reserve,2,9.1,West Indies,New Zealand,DM Bravo,JD Campbell,TA Boult,0,0,,,,,,,,,
1233958,2020/21,2020-12-11,Basin Reserve,2,9.2,West Indies,New Zealand,DM Bravo,JD Campbell,TA Boult,0,0,,,,,,,,,
1233958,2020/21,2020-12-11,Basin Reserve,2,9.3,West Indies,New Zealand,DM Bravo,JD Campbell,TA Boult,0,0,,,,,,,,,
1233958,2020/21,2020-12-11,Basin Reserve,2,9.4,West Indies,New Zealand,DM Bravo,JD Campbell,TA Boult,0,0,,,,,,,,,
1233958,2020/21,2020-12-11,Basin Reserve,2,9.5,West Indies,New Zealand,DM Bravo,JD Campbell,TA Boult,0,0,,,,,,,,,
1233958,2020/21,2020-12-11,Basin Reserve,2,9.6,West Indies,New Zealand,DM Bravo,JD Campbell,TA Boult,0,0,,,,,,,,,
1233958,2020/21,2020-12-11,Basin Reserve,2,10.1,West Indies,New Zealand,JD Campbell,DM Bravo,TG Southee,4,0,,,,,,,,,
1233958,2020/21,2020-12-11,Basin Reserve,2,10.2,West Indies,New Zealand,JD Campbell,DM Bravo,TG Southee,0,0,,,,,,,,,
1233958,2020/21,2020-12-11,Basin Reserve,2,10.3,West Indies,New Zealand,JD Campbell,DM Bravo,TG Southee,1,0,,,,,,,,,
1233958,2020/21,2020-12-11,Basin Reserve,2,10.4,West Indies,New Zealand,DM Bravo,JD Campbell,TG Southee,0,0,,,,,,,,,
1233958,2020/21,2020-12-11,Basin Reserve,2,10.5,West Indies,New Zealand,DM Bravo,JD Campbell,TG Southee,0,0,,,,,,,,,
1233958,2020/21,2020-12-11,Basin Reserve,2,10.6,West Indies,New Zealand,DM Bravo,JD Campbell,TG Southee,0,0,,,,,,caught and bowled,DM Bravo,,
1233958,2020/21,2020-12-11,Basin Reserve,2,11.1,West Indies,New Zealand,JD Campbell,SSJ Brooks,TA Boult,0,0,,,,,,,,,
1233958,2020/21,2020-12-11,Basin Reserve,2,11.2,West Indies,New Zealand,JD Campbell,SSJ Brooks,TA Boult,0,0,,,,,,,,,
1233958,2020/21,2020-12-11,Basin Reserve,2,11.3,West Indies,New Zealand,JD Campbell,SSJ Brooks,TA Boult,0,0,,,,,,,,,
1233958,2020/21,2020-12-11,Basin Reserve,2,11.4,West Indies,New Zealand,JD Campbell,SSJ Brooks,TA Boult,0,0,,,,,,,,,
1233958,2020/21,2020-12-11,Basin Reserve,2,11.5,West Indies,New Zealand,JD Campbell,SSJ Brooks,TA Boult,0,0,,,,,,,,,
1233958,2020/21,2020-12-11,Basin Reserve,2,11.6,West Indies,New Zealand,JD Campbell,SSJ Brooks,TA Boult,0,0,,,,,,,,,
1233958,2020/21,2020-12-11,Basin Reserve,2,12.1,West Indies,New Zealand,SSJ Brooks,JD Campbell,TG Southee,0,0,,,,,,,,,
1233958,2020/21,2020-12-11,Basin Reserve,2,12.2,West Indies,New Zealand,SSJ Brooks,JD Campbell,TG Southee,0,0,,,,,,,,,
1233958,2020/21,2020-12-11,Basin Reserve,2,12.3,West Indies,New Zealand,SSJ Brooks,JD Campbell,TG Southee,0,0,,,,,,,,,
1233958,2020/21,2020-12-11,Basin Reserve,2,12.4,West Indies,New Zealand,SSJ Brooks,JD Campbell,TG Southee,0,0,,,,,,,,,
1233958,2020/21,2020-12-11,Basin Reserve,2,12.5,West Indies,New Zealand,SSJ Brooks,JD Campbell,TG Southee,0,0,,,,,,,,,
1233958,2020/21,2020-12-11,Basin Reserve,2,12.6,West Indies,New Zealand,SSJ Brooks,JD Campbell,TG Southee,1,0,,,,,,,,,
1233958,2020/21,2020-12-11,Basin Reserve,2,13.1,West Indies,New Zealand,SSJ Brooks,JD Campbell,N Wagner,0,0,,,,,,,,,
1233958,2020/21,2020-12-11,Basin Reserve,2,13.2,West Indies,New Zealand,SSJ Brooks,JD Campbell,N Wagner,0,0,,,,,,,,,
1233958,2020/21,2020-12-11,Basin Reserve,2,13.3,West Indies,New Zealand,SSJ Brooks,JD Campbell,N Wagner,0,0,,,,,,,,,
1233958,2020/21,2020-12-11,Basin Reserve,2,13.4,West Indies,New Zealand,SSJ Brooks,JD Campbell,N Wagner,4,0,,,,,,,,,
1233958,2020/21,2020-12-11,Basin Reserve,2,13.5,West Indies,New Zealand,SSJ Brooks,JD Campbell,N Wagner,2,0,,,,,,,,,
1233958,2020/21,2020-12-11,Basin Reserve,2,13.6,West Indies,New Zealand,SSJ Brooks,JD Campbell,N Wagner,0,0,,,,,,,,,
1233958,2020/21,2020-12-11,Basin Reserve,2,14.1,West Indies,New Zealand,JD Campbell,SSJ Brooks,KA Jamieson,0,0,,,,,,,,,
1233958,2020/21,2020-12-11,Basin Reserve,2,14.2,West Indies,New Zealand,JD Campbell,SSJ Brooks,KA Jamieson,0,0,,,,,,,,,
1233958,2020/21,2020-12-11,Basin Reserve,2,14.3,West Indies,New Zealand,JD Campbell,SSJ Brooks,KA Jamieson,0,0,,,,,,caught,JD Campbell,,
1233958,2020/21,2020-12-11,Basin Reserve,2,14.4,West Indies,New Zealand,RL Chase,SSJ Brooks,KA Jamieson,0,0,,,,,,bowled,RL Chase,,
1233958,2020/21,2020-12-11,Basin Reserve,2,14.5,West Indies,New Zealand,J Blackwood,SSJ Brooks,KA Jamieson,0,0,,,,,,,,,
1233958,2020/21,2020-12-11,Basin Reserve,2,14.6,West Indies,New Zealand,J Blackwood,SSJ Brooks,KA Jamieson,0,0,,,,,,,,,
1233958,2020/21,2020-12-11,Basin Reserve,2,15.1,West Indies,New Zealand,SSJ Brooks,J Blackwood,N Wagner,0,0,,,,,,,,,
1233958,2020/21,2020-12-11,Basin Reserve,2,15.2,West Indies,New Zealand,SSJ Brooks,J Blackwood,N Wagner,0,0,,,,,,,,,
1233958,2020/21,2020-12-11,Basin Reserve,2,15.3,West Indies,New Zealand,SSJ Brooks,J Blackwood,N Wagner,0,0,,,,,,,,,
1233958,2020/21,2020-12-11,Basin Reserve,2,15.4,West Indies,New Zealand,SSJ Brooks,J Blackwood,N Wagner,0,0,,,,,,,,,
1233958,2020/21,2020-12-11,Basin Reserve,2,15.5,West Indies,New Zealand,SSJ Brooks,J Blackwood,N Wagner,0,0,,,,,,,,,
1233958,2020/21,2020-12-11,Basin Reserve,2,15.6,West Indies,New Zealand,SSJ Brooks,J Blackwood,N Wagner,0,0,,,,,,,,,
1233958,2020/21,2020-12-11,Basin Reserve,2,16.1,West Indies,New Zealand,J Blackwood,SSJ Brooks,KA Jamieson,0,0,,,,,,,,,
1233958,2020/21,2020-12-11,Basin Reserve,2,16.2,West Indies,New Zealand,J Blackwood,SSJ Brooks,KA Jamieson,0,0,,,,,,,,,
1233958,2020/21,2020-12-11,Basin Reserve,2,16.3,West Indies,New Zealand,J Blackwood,SSJ Brooks,KA Jamieson,0,0,,,,,,,,,
1233958,2020/21,2020-12-11,Basin Reserve,2,16.4,West Indies,New Zealand,J Blackwood,SSJ Brooks,KA Jamieson,0,0,,,,,,,,,
1233958,2020/21,2020-12-11,Basin Reserve,2,16.5,West Indies,New Zealand,J Blackwood,SSJ Brooks,KA Jamieson,4,0,,,,,,,,,
1233958,2020/21,2020-12-11,Basin Reserve,2,16.6,West Indies,New Zealand,J Blackwood,SSJ Brooks,KA Jamieson,0,0,,,,,,,,,
1233958,2020/21,2020-12-11,Basin Reserve,2,17.1,West Indies,New Zealand,SSJ Brooks,J Blackwood,N Wagner,0,0,,,,,,,,,
1233958,2020/21,2020-12-11,Basin Reserve,2,17.2,West Indies,New Zealand,SSJ Brooks,J Blackwood,N Wagner,0,0,,,,,,,,,
1233958,2020/21,2020-12-11,Basin Reserve,2,17.3,West Indies,New Zealand,SSJ Brooks,J Blackwood,N Wagner,0,0,,,,,,,,,
1233958,2020/21,2020-12-11,Basin Reserve,2,17.4,West Indies,New Zealand,SSJ Brooks,J Blackwood,N Wagner,1,0,,,,,,,,,
1233958,2020/21,2020-12-11,Basin Reserve,2,17.5,West Indies,New Zealand,J Blackwood,SSJ Brooks,N Wagner,4,0,,,,,,,,,
1233958,2020/21,2020-12-11,Basin Reserve,2,17.6,West Indies,New Zealand,J Blackwood,SSJ Brooks,N Wagner,4,0,,,,,,,,,
1233958,2020/21,2020-12-11,Basin Reserve,2,18.1,West Indies,New Zealand,SSJ Brooks,J Blackwood,KA Jamieson,0,0,,,,,,,,,
1233958,2020/21,2020-12-11,Basin Reserve,2,18.2,West Indies,New Zealand,SSJ Brooks,J Blackwood,KA Jamieson,0,0,,,,,,,,,
1233958,2020/21,2020-12-11,Basin Reserve,2,18.3,West Indies,New Zealand,SSJ Brooks,J Blackwood,KA Jamieson,0,0,,,,,,,,,
1233958,2020/21,2020-12-11,Basin Reserve,2,18.4,West Indies,New Zealand,SSJ Brooks,J Blackwood,KA Jamieson,0,0,,,,,,,,,
1233958,2020/21,2020-12-11,Basin Reserve,2,18.5,West Indies,New Zealand,SSJ Brooks,J Blackwood,KA Jamieson,0,0,,,,,,,,,
1233958,2020/21,2020-12-11,Basin Reserve,2,18.6,West Indies,New Zealand,SSJ Brooks,J Blackwood,KA Jamieson,0,0,,,,,,,,,
1233958,2020/21,2020-12-11,Basin Reserve,2,19.1,West Indies,New Zealand,J Blackwood,SSJ Brooks,TG Southee,0,0,,,,,,,,,
1233958,2020/21,2020-12-11,Basin Reserve,2,19.2,West Indies,New Zealand,J Blackwood,SSJ Brooks,TG Southee,0,0,,,,,,,,,
1233958,2020/21,2020-12-11,Basin Reserve,2,19.3,West Indies,New Zealand,J Blackwood,SSJ Brooks,TG Southee,0,0,,,,,,,,,
1233958,2020/21,2020-12-11,Basin Reserve,2,19.4,West Indies,New Zealand,J Blackwood,SSJ Brooks,TG Southee,3,0,,,,,,,,,
1233958,2020/21,2020-12-11,Basin Reserve,2,19.5,West Indies,New Zealand,SSJ Brooks,J Blackwood,TG Southee,0,0,,,,,,,,,
1233958,2020/21,2020-12-11,Basin Reserve,2,19.6,West Indies,New Zealand,SSJ Brooks,J Blackwood,TG Southee,0,0,,,,,,,,,
1233958,2020/21,2020-12-11,Basin Reserve,2,20.1,West Indies,New Zealand,J Blackwood,SSJ Brooks,KA Jamieson,4,0,,,,,,,,,
1233958,2020/21,2020-12-11,Basin Reserve,2,20.2,West Indies,New Zealand,J Blackwood,SSJ Brooks,KA Jamieson,0,0,,,,,,,,,
1233958,2020/21,2020-12-11,Basin Reserve,2,20.3,West Indies,New Zealand,J Blackwood,SSJ Brooks,KA Jamieson,4,0,,,,,,,,,
1233958,2020/21,2020-12-11,Basin Reserve,2,20.4,West Indies,New Zealand,J Blackwood,SSJ Brooks,KA Jamieson,0,0,,,,,,,,,
1233958,2020/21,2020-12-11,Basin Reserve,2,20.5,West Indies,New Zealand,J Blackwood,SSJ Brooks,KA Jamieson,4,0,,,,,,,,,
1233958,2020/21,2020-12-11,Basin Reserve,2,20.6,West Indies,New Zealand,J Blackwood,SSJ Brooks,KA Jamieson,2,0,,,,,,,,,
1233958,2020/21,2020-12-11,Basin Reserve,2,21.1,West Indies,New Zealand,SSJ Brooks,J Blackwood,TG Southee,0,0,,,,,,,,,
1233958,2020/21,2020-12-11,Basin Reserve,2,21.2,West Indies,New Zealand,SSJ Brooks,J Blackwood,TG Southee,0,0,,,,,,,,,
1233958,2020/21,2020-12-11,Basin Reserve,2,21.3,West Indies,New Zealand,SSJ Brooks,J Blackwood,TG Southee,0,0,,,,,,,,,
1233958,2020/21,2020-12-11,Basin Reserve,2,21.4,West Indies,New Zealand,SSJ Brooks,J Blackwood,TG Southee,1,0,,,,,,,,,
1233958,2020/21,2020-12-11,Basin Reserve,2,21.5,West Indies,New Zealand,J Blackwood,SSJ Brooks,TG Southee,1,0,,,,,,,,,
1233958,2020/21,2020-12-11,Basin Reserve,2,21.6,West Indies,New Zealand,SSJ Brooks,J Blackwood,TG Southee,0,0,,,,,,,,,
1233958,2020/21,2020-12-11,Basin Reserve,2,22.1,West Indies,New Zealand,J Blackwood,SSJ Brooks,KA Jamieson,0,0,,,,,,,,,
1233958,2020/21,2020-12-11,Basin Reserve,2,22.2,West Indies,New Zealand,J Blackwood,SSJ Brooks,KA Jamieson,0,0,,,,,,,,,
1233958,2020/21,2020-12-11,Basin Reserve,2,22.3,West Indies,New Zealand,J Blackwood,SSJ Brooks,KA Jamieson,0,0,,,,,,,,,
1233958,2020/21,2020-12-11,Basin Reserve,2,22.4,West Indies,New Zealand,J Blackwood,SSJ Brooks,KA Jamieson,0,0,,,,,,,,,
1233958,2020/21,2020-12-11,Basin Reserve,2,22.5,West Indies,New Zealand,J Blackwood,SSJ Brooks,KA Jamieson,0,0,,,,,,,,,
1233958,2020/21,2020-12-11,Basin Reserve,2,22.6,West Indies,New Zealand,J Blackwood,SSJ Brooks,KA Jamieson,0,0,,,,,,,,,
1233958,2020/21,2020-12-11,Basin Reserve,2,23.1,West Indies,New Zealand,SSJ Brooks,J Blackwood,TG Southee,0,0,,,,,,,,,
1233958,2020/21,2020-12-11,Basin Reserve,2,23.2,West Indies,New Zealand,SSJ Brooks,J Blackwood,TG Southee,0,0,,,,,,,,,
1233958,2020/21,2020-12-11,Basin Reserve,2,23.3,West Indies,New Zealand,SSJ Brooks,J Blackwood,TG Southee,0,0,,,,,,,,,
1233958,2020/21,2020-12-11,Basin Reserve,2,23.4,West Indies,New Zealand,SSJ Brooks,J Blackwood,TG Southee,0,0,,,,,,,,,
1233958,2020/21,2020-12-11,Basin Reserve,2,23.5,West Indies,New Zealand,SSJ Brooks,J Blackwood,TG Southee,0,0,,,,,,,,,
1233958,2020/21,2020-12-11,Basin Reserve,2,23.6,West Indies,New Zealand,SSJ Brooks,J Blackwood,TG Southee,0,0,,,,,,,,,
1233958,2020/21,2020-12-11,Basin Reserve,2,24.1,West Indies,New Zealand,J Blackwood,SSJ Brooks,KA Jamieson,0,0,,,,,,,,,
1233958,2020/21,2020-12-11,Basin Reserve,2,24.2,West Indies,New Zealand,J Blackwood,SSJ Brooks,KA Jamieson,0,0,,,,,,,,,
1233958,2020/21,2020-12-11,Basin Reserve,2,24.3,West Indies,New Zealand,J Blackwood,SSJ Brooks,KA Jamieson,0,0,,,,,,,,,
1233958,2020/21,2020-12-11,Basin Reserve,2,24.4,West Indies,New Zealand,J Blackwood,SSJ Brooks,KA Jamieson,0,0,,,,,,,,,
1233958,2020/21,2020-12-11,Basin Reserve,2,24.5,West Indies,New Zealand,J Blackwood,SSJ Brooks,KA Jamieson,0,0,,,,,,,,,
1233958,2020/21,2020-12-11,Basin Reserve,2,24.6,West Indies,New Zealand,J Blackwood,SSJ Brooks,KA Jamieson,0,0,,,,,,,,,
1233958,2020/21,2020-12-11,Basin Reserve,2,25.1,West Indies,New Zealand,SSJ Brooks,J Blackwood,TG Southee,0,0,,,,,,,,,
1233958,2020/21,2020-12-11,Basin Reserve,2,25.2,West Indies,New Zealand,SSJ Brooks,J Blackwood,TG Southee,0,0,,,,,,,,,
1233958,2020/21,2020-12-11,Basin Reserve,2,25.3,West Indies,New Zealand,SSJ Brooks,J Blackwood,TG Southee,0,0,,,,,,,,,
1233958,2020/21,2020-12-11,Basin Reserve,2,25.4,West Indies,New Zealand,SSJ Brooks,J Blackwood,TG Southee,0,0,,,,,,,,,
1233958,2020/21,2020-12-11,Basin Reserve,2,25.5,West Indies,New Zealand,SSJ Brooks,J Blackwood,TG Southee,0,0,,,,,,,,,
1233958,2020/21,2020-12-11,Basin Reserve,2,25.6,West Indies,New Zealand,SSJ Brooks,J Blackwood,TG Southee,0,0,,,,,,,,,
1233958,2020/21,2020-12-11,Basin Reserve,2,26.1,West Indies,New Zealand,J Blackwood,SSJ Brooks,KA Jamieson,0,0,,,,,,,,,
1233958,2020/21,2020-12-11,Basin Reserve,2,26.2,West Indies,New Zealand,J Blackwood,SSJ Brooks,KA Jamieson,0,0,,,,,,,,,
1233958,2020/21,2020-12-11,Basin Reserve,2,26.3,West Indies,New Zealand,J Blackwood,SSJ Brooks,KA Jamieson,1,0,,,,,,,,,
1233958,2020/21,2020-12-11,Basin Reserve,2,26.4,West Indies,New Zealand,SSJ Brooks,J Blackwood,KA Jamieson,0,0,,,,,,,,,
1233958,2020/21,2020-12-11,Basin Reserve,2,26.5,West Indies,New Zealand,SSJ Brooks,J Blackwood,KA Jamieson,0,0,,,,,,,,,
1233958,2020/21,2020-12-11,Basin Reserve,2,26.6,West Indies,New Zealand,SSJ Brooks,J Blackwood,KA Jamieson,0,0,,,,,,,,,
1233958,2020/21,2020-12-11,Basin Reserve,2,27.1,West Indies,New Zealand,J Blackwood,SSJ Brooks,TG Southee,0,0,,,,,,,,,
1233958,2020/21,2020-12-11,Basin Reserve,2,27.2,West Indies,New Zealand,J Blackwood,SSJ Brooks,TG Southee,0,0,,,,,,,,,
1233958,2020/21,2020-12-11,Basin Reserve,2,27.3,West Indies,New Zealand,J Blackwood,SSJ Brooks,TG Southee,0,0,,,,,,,,,
1233958,2020/21,2020-12-11,Basin Reserve,2,27.4,West Indies,New Zealand,J Blackwood,SSJ Brooks,TG Southee,0,0,,,,,,,,,
1233958,2020/21,2020-12-11,Basin Reserve,2,27.5,West Indies,New Zealand,J Blackwood,SSJ Brooks,TG Southee,2,0,,,,,,,,,
1233958,2020/21,2020-12-11,Basin Reserve,2,27.6,West Indies,New Zealand,J Blackwood,SSJ Brooks,TG Southee,0,0,,,,,,,,,
1233958,2020/21,2020-12-11,Basin Reserve,2,28.1,West Indies,New Zealand,SSJ Brooks,J Blackwood,TA Boult,0,0,,,,,,,,,
1233958,2020/21,2020-12-11,Basin Reserve,2,28.2,West Indies,New Zealand,SSJ Brooks,J Blackwood,TA Boult,1,0,,,,,,,,,
1233958,2020/21,2020-12-11,Basin Reserve,2,28.3,West Indies,New Zealand,J Blackwood,SSJ Brooks,TA Boult,0,0,,,,,,,,,
1233958,2020/21,2020-12-11,Basin Reserve,2,28.4,West Indies,New Zealand,J Blackwood,SSJ Brooks,TA Boult,0,0,,,,,,,,,
1233958,2020/21,2020-12-11,Basin Reserve,2,28.5,West Indies,New Zealand,J Blackwood,SSJ Brooks,TA Boult,0,0,,,,,,,,,
1233958,2020/21,2020-12-11,Basin Reserve,2,28.6,West Indies,New Zealand,J Blackwood,SSJ Brooks,TA Boult,0,0,,,,,,,,,
1233958,2020/21,2020-12-11,Basin Reserve,2,29.1,West Indies,New Zealand,SSJ Brooks,J Blackwood,N Wagner,0,0,,,,,,,,,
1233958,2020/21,2020-12-11,Basin Reserve,2,29.2,West Indies,New Zealand,SSJ Brooks,J Blackwood,N Wagner,0,0,,,,,,,,,
1233958,2020/21,2020-12-11,Basin Reserve,2,29.3,West Indies,New Zealand,SSJ Brooks,J Blackwood,N Wagner,0,0,,,,,,,,,
1233958,2020/21,2020-12-11,Basin Reserve,2,29.4,West Indies,New Zealand,SSJ Brooks,J Blackwood,N Wagner,0,1,,,,1,,,,,
1233958,2020/21,2020-12-11,Basin Reserve,2,29.5,West Indies,New Zealand,J Blackwood,SSJ Brooks,N Wagner,0,0,,,,,,,,,
1233958,2020/21,2020-12-11,Basin Reserve,2,29.6,West Indies,New Zealand,J Blackwood,SSJ Brooks,N Wagner,0,0,,,,,,,,,
1233958,2020/21,2020-12-11,Basin Reserve,2,30.1,West Indies,New Zealand,SSJ Brooks,J Blackwood,TA Boult,0,0,,,,,,,,,
1233958,2020/21,2020-12-11,Basin Reserve,2,30.2,West Indies,New Zealand,SSJ Brooks,J Blackwood,TA Boult,1,0,,,,,,,,,
1233958,2020/21,2020-12-11,Basin Reserve,2,30.3,West Indies,New Zealand,J Blackwood,SSJ Brooks,TA Boult,0,0,,,,,,,,,
1233958,2020/21,2020-12-11,Basin Reserve,2,30.4,West Indies,New Zealand,J Blackwood,SSJ Brooks,TA Boult,0,0,,,,,,,,,
1233958,2020/21,2020-12-11,Basin Reserve,2,30.5,West Indies,New Zealand,J Blackwood,SSJ Brooks,TA Boult,4,0,,,,,,,,,
1233958,2020/21,2020-12-11,Basin Reserve,2,30.6,West Indies,New Zealand,J Blackwood,SSJ Brooks,TA Boult,0,0,,,,,,,,,
1233958,2020/21,2020-12-11,Basin Reserve,2,31.1,West Indies,New Zealand,SSJ Brooks,J Blackwood,N Wagner,0,0,,,,,,,,,
1233958,2020/21,2020-12-11,Basin Reserve,2,31.2,West Indies,New Zealand,SSJ Brooks,J Blackwood,N Wagner,0,0,,,,,,,,,
1233958,2020/21,2020-12-11,Basin Reserve,2,31.3,West Indies,New Zealand,SSJ Brooks,J Blackwood,N Wagner,0,0,,,,,,,,,
1233958,2020/21,2020-12-11,Basin Reserve,2,31.4,West Indies,New Zealand,SSJ Brooks,J Blackwood,N Wagner,0,0,,,,,,,,,
1233958,2020/21,2020-12-11,Basin Reserve,2,31.5,West Indies,New Zealand,SSJ Brooks,J Blackwood,N Wagner,0,0,,,,,,,,,
1233958,2020/21,2020-12-11,Basin Reserve,2,31.6,West Indies,New Zealand,SSJ Brooks,J Blackwood,N Wagner,0,0,,,,,,,,,
1233958,2020/21,2020-12-11,Basin Reserve,2,32.1,West Indies,New Zealand,J Blackwood,SSJ Brooks,TA Boult,0,0,,,,,,,,,
1233958,2020/21,2020-12-11,Basin Reserve,2,32.2,West Indies,New Zealand,J Blackwood,SSJ Brooks,TA Boult,0,0,,,,,,,,,
1233958,2020/21,2020-12-11,Basin Reserve,2,32.3,West Indies,New Zealand,J Blackwood,SSJ Brooks,TA Boult,4,0,,,,,,,,,
1233958,2020/21,2020-12-11,Basin Reserve,2,32.4,West Indies,New Zealand,J Blackwood,SSJ Brooks,TA Boult,0,0,,,,,,,,,
1233958,2020/21,2020-12-11,Basin Reserve,2,32.5,West Indies,New Zealand,J Blackwood,SSJ Brooks,TA Boult,0,0,,,,,,,,,
1233958,2020/21,2020-12-11,Basin Reserve,2,32.6,West Indies,New Zealand,J Blackwood,SSJ Brooks,TA Boult,0,0,,,,,,,,,
1233958,2020/21,2020-12-11,Basin Reserve,2,33.1,West Indies,New Zealand,SSJ Brooks,J Blackwood,N Wagner,0,0,,,,,,,,,
1233958,2020/21,2020-12-11,Basin Reserve,2,33.2,West Indies,New Zealand,SSJ Brooks,J Blackwood,N Wagner,0,0,,,,,,,,,
1233958,2020/21,2020-12-11,Basin Reserve,2,33.3,West Indies,New Zealand,SSJ Brooks,J Blackwood,N Wagner,0,0,,,,,,,,,
1233958,2020/21,2020-12-11,Basin Reserve,2,33.4,West Indies,New Zealand,SSJ Brooks,J Blackwood,N Wagner,1,0,,,,,,,,,
1233958,2020/21,2020-12-11,Basin Reserve,2,33.5,West Indies,New Zealand,J Blackwood,SSJ Brooks,N Wagner,0,0,,,,,,,,,
1233958,2020/21,2020-12-11,Basin Reserve,2,33.6,West Indies,New Zealand,J Blackwood,SSJ Brooks,N Wagner,0,0,,,,,,,,,
1233958,2020/21,2020-12-11,Basin Reserve,2,34.1,West Indies,New Zealand,SSJ Brooks,J Blackwood,TA Boult,0,0,,,,,,,,,
1233958,2020/21,2020-12-11,Basin Reserve,2,34.2,West Indies,New Zealand,SSJ Brooks,J Blackwood,TA Boult,0,0,,,,,,,,,
1233958,2020/21,2020-12-11,Basin Reserve,2,34.3,West Indies,New Zealand,SSJ Brooks,J Blackwood,TA Boult,0,0,,,,,,,,,
1233958,2020/21,2020-12-11,Basin Reserve,2,34.4,West Indies,New Zealand,SSJ Brooks,J Blackwood,TA Boult,0,0,,,,,,,,,
1233958,2020/21,2020-12-11,Basin Reserve,2,34.5,West Indies,New Zealand,SSJ Brooks,J Blackwood,TA Boult,0,0,,,,,,,,,
1233958,2020/21,2020-12-11,Basin Reserve,2,34.6,West Indies,New Zealand,SSJ Brooks,J Blackwood,TA Boult,1,0,,,,,,,,,
1233958,2020/21,2020-12-11,Basin Reserve,2,35.1,West Indies,New Zealand,SSJ Brooks,J Blackwood,N Wagner,0,0,,,,,,,,,
1233958,2020/21,2020-12-11,Basin Reserve,2,35.2,West Indies,New Zealand,SSJ Brooks,J Blackwood,N Wagner,0,0,,,,,,,,,
1233958,2020/21,2020-12-11,Basin Reserve,2,35.3,West Indies,New Zealand,SSJ Brooks,J Blackwood,N Wagner,0,0,,,,,,,,,
1233958,2020/21,2020-12-11,Basin Reserve,2,35.4,West Indies,New Zealand,SSJ Brooks,J Blackwood,N Wagner,0,0,,,,,,,,,
1233958,2020/21,2020-12-11,Basin Reserve,2,35.5,West Indies,New Zealand,SSJ Brooks,J Blackwood,N Wagner,0,0,,,,,,,,,
1233958,2020/21,2020-12-11,Basin Reserve,2,35.6,West Indies,New Zealand,SSJ Brooks,J Blackwood,N Wagner,0,0,,,,,,,,,
1233958,2020/21,2020-12-11,Basin Reserve,2,36.1,West Indies,New Zealand,J Blackwood,SSJ Brooks,TA Boult,0,0,,,,,,,,,
1233958,2020/21,2020-12-11,Basin Reserve,2,36.2,West Indies,New Zealand,J Blackwood,SSJ Brooks,TA Boult,0,0,,,,,,,,,
1233958,2020/21,2020-12-11,Basin Reserve,2,36.3,West Indies,New Zealand,J Blackwood,SSJ Brooks,TA Boult,0,0,,,,,,,,,
1233958,2020/21,2020-12-11,Basin Reserve,2,36.4,West Indies,New Zealand,J Blackwood,SSJ Brooks,TA Boult,0,0,,,,,,,,,
1233958,2020/21,2020-12-11,Basin Reserve,2,36.5,West Indies,New Zealand,J Blackwood,SSJ Brooks,TA Boult,1,0,,,,,,,,,
1233958,2020/21,2020-12-11,Basin Reserve,2,36.6,West Indies,New Zealand,SSJ Brooks,J Blackwood,TA Boult,0,0,,,,,,,,,
1233958,2020/21,2020-12-11,Basin Reserve,2,37.1,West Indies,New Zealand,J Blackwood,SSJ Brooks,N Wagner,0,0,,,,,,,,,
1233958,2020/21,2020-12-11,Basin Reserve,2,37.2,West Indies,New Zealand,J Blackwood,SSJ Brooks,N Wagner,0,0,,,,,,,,,
1233958,2020/21,2020-12-11,Basin Reserve,2,37.3,West Indies,New Zealand,J Blackwood,SSJ Brooks,N Wagner,1,0,,,,,,,,,
1233958,2020/21,2020-12-11,Basin Reserve,2,37.4,West Indies,New Zealand,SSJ Brooks,J Blackwood,N Wagner,0,0,,,,,,,,,
1233958,2020/21,2020-12-11,Basin Reserve,2,37.5,West Indies,New Zealand,SSJ Brooks,J Blackwood,N Wagner,0,0,,,,,,,,,
1233958,2020/21,2020-12-11,Basin Reserve,2,37.6,West Indies,New Zealand,SSJ Brooks,J Blackwood,N Wagner,0,0,,,,,,,,,
1233958,2020/21,2020-12-11,Basin Reserve,2,38.1,West Indies,New Zealand,J Blackwood,SSJ Brooks,TA Boult,4,0,,,,,,,,,
1233958,2020/21,2020-12-11,Basin Reserve,2,38.2,West Indies,New Zealand,J Blackwood,SSJ Brooks,TA Boult,4,0,,,,,,,,,
1233958,2020/21,2020-12-11,Basin Reserve,2,38.3,West Indies,New Zealand,J Blackwood,SSJ Brooks,TA Boult,0,0,,,,,,,,,
1233958,2020/21,2020-12-11,Basin Reserve,2,38.4,West Indies,New Zealand,J Blackwood,SSJ Brooks,TA Boult,3,0,,,,,,,,,
1233958,2020/21,2020-12-11,Basin Reserve,2,38.5,West Indies,New Zealand,SSJ Brooks,J Blackwood,TA Boult,1,0,,,,,,,,,
1233958,2020/21,2020-12-11,Basin Reserve,2,38.6,West Indies,New Zealand,J Blackwood,SSJ Brooks,TA Boult,0,0,,,,,,,,,
1233958,2020/21,2020-12-11,Basin Reserve,2,39.1,West Indies,New Zealand,SSJ Brooks,J Blackwood,N Wagner,0,0,,,,,,,,,
1233958,2020/21,2020-12-11,Basin Reserve,2,39.2,West Indies,New Zealand,SSJ Brooks,J Blackwood,N Wagner,0,0,,,,,,,,,
1233958,2020/21,2020-12-11,Basin Reserve,2,39.3,West Indies,New Zealand,SSJ Brooks,J Blackwood,N Wagner,0,0,,,,,,,,,
1233958,2020/21,2020-12-11,Basin Reserve,2,39.4,West Indies,New Zealand,SSJ Brooks,J Blackwood,N Wagner,0,0,,,,,,,,,
1233958,2020/21,2020-12-11,Basin Reserve,2,39.5,West Indies,New Zealand,SSJ Brooks,J Blackwood,N Wagner,0,0,,,,,,,,,
1233958,2020/21,2020-12-11,Basin Reserve,2,39.6,West Indies,New Zealand,SSJ Brooks,J Blackwood,N Wagner,0,0,,,,,,,,,
1233958,2020/21,2020-12-11,Basin Reserve,2,40.1,West Indies,New Zealand,J Blackwood,SSJ Brooks,KA Jamieson,2,0,,,,,,,,,
1233958,2020/21,2020-12-11,Basin Reserve,2,40.2,West Indies,New Zealand,J Blackwood,SSJ Brooks,KA Jamieson,0,0,,,,,,,,,
1233958,2020/21,2020-12-11,Basin Reserve,2,40.3,West Indies,New Zealand,J Blackwood,SSJ Brooks,KA Jamieson,0,0,,,,,,,,,
1233958,2020/21,2020-12-11,Basin Reserve,2,40.4,West Indies,New Zealand,J Blackwood,SSJ Brooks,KA Jamieson,0,1,1,,,,,,,,
1233958,2020/21,2020-12-11,Basin Reserve,2,40.5,West Indies,New Zealand,J Blackwood,SSJ Brooks,KA Jamieson,2,0,,,,,,,,,
1233958,2020/21,2020-12-11,Basin Reserve,2,40.6,West Indies,New Zealand,J Blackwood,SSJ Brooks,KA Jamieson,0,1,,,,1,,,,,
1233958,2020/21,2020-12-11,Basin Reserve,2,40.7,West Indies,New Zealand,SSJ Brooks,J Blackwood,KA Jamieson,0,0,,,,,,bowled,SSJ Brooks,,
1233958,2020/21,2020-12-11,Basin Reserve,2,41.1,West Indies,New Zealand,J Blackwood,JO Holder,N Wagner,0,0,,,,,,,,,
1233958,2020/21,2020-12-11,Basin Reserve,2,41.2,West Indies,New Zealand,J Blackwood,JO Holder,N Wagner,0,0,,,,,,,,,
1233958,2020/21,2020-12-11,Basin Reserve,2,41.3,West Indies,New Zealand,J Blackwood,JO Holder,N Wagner,1,0,,,,,,,,,
1233958,2020/21,2020-12-11,Basin Reserve,2,41.4,West Indies,New Zealand,JO Holder,J Blackwood,N Wagner,0,0,,,,,,,,,
1233958,2020/21,2020-12-11,Basin Reserve,2,41.5,West Indies,New Zealand,JO Holder,J Blackwood,N Wagner,0,0,,,,,,,,,
1233958,2020/21,2020-12-11,Basin Reserve,2,41.6,West Indies,New Zealand,JO Holder,J Blackwood,N Wagner,0,0,,,,,,,,,
1233958,2020/21,2020-12-11,Basin Reserve,2,42.1,West Indies,New Zealand,J Blackwood,JO Holder,KA Jamieson,0,0,,,,,,,,,
1233958,2020/21,2020-12-11,Basin Reserve,2,42.2,West Indies,New Zealand,J Blackwood,JO Holder,KA Jamieson,1,0,,,,,,,,,
1233958,2020/21,2020-12-11,Basin Reserve,2,42.3,West Indies,New Zealand,JO Holder,J Blackwood,KA Jamieson,0,0,,,,,,,,,
1233958,2020/21,2020-12-11,Basin Reserve,2,42.4,West Indies,New Zealand,JO Holder,J Blackwood,KA Jamieson,0,0,,,,,,,,,
1233958,2020/21,2020-12-11,Basin Reserve,2,42.5,West Indies,New Zealand,JO Holder,J Blackwood,KA Jamieson,0,0,,,,,,,,,
1233958,2020/21,2020-12-11,Basin Reserve,2,42.6,West Indies,New Zealand,JO Holder,J Blackwood,KA Jamieson,0,0,,,,,,,,,
1233958,2020/21,2020-12-11,Basin Reserve,2,43.1,West Indies,New Zealand,J Blackwood,JO Holder,N Wagner,3,0,,,,,,,,,
1233958,2020/21,2020-12-11,Basin Reserve,2,43.2,West Indies,New Zealand,JO Holder,J Blackwood,N Wagner,0,0,,,,,,,,,
1233958,2020/21,2020-12-11,Basin Reserve,2,43.3,West Indies,New Zealand,JO Holder,J Blackwood,N Wagner,1,0,,,,,,,,,
1233958,2020/21,2020-12-11,Basin Reserve,2,43.4,West Indies,New Zealand,J Blackwood,JO Holder,N Wagner,0,0,,,,,,,,,
1233958,2020/21,2020-12-11,Basin Reserve,2,43.5,West Indies,New Zealand,J Blackwood,JO Holder,N Wagner,0,0,,,,,,,,,
1233958,2020/21,2020-12-11,Basin Reserve,2,43.6,West Indies,New Zealand,J Blackwood,JO Holder,N Wagner,4,0,,,,,,,,,
1233958,2020/21,2020-12-11,Basin Reserve,2,44.1,West Indies,New Zealand,JO Holder,J Blackwood,KA Jamieson,0,0,,,,,,,,,
1233958,2020/21,2020-12-11,Basin Reserve,2,44.2,West Indies,New Zealand,JO Holder,J Blackwood,KA Jamieson,0,0,,,,,,,,,
1233958,2020/21,2020-12-11,Basin Reserve,2,44.3,West Indies,New Zealand,JO Holder,J Blackwood,KA Jamieson,0,0,,,,,,,,,
1233958,2020/21,2020-12-11,Basin Reserve,2,44.4,West Indies,New Zealand,JO Holder,J Blackwood,KA Jamieson,0,0,,,,,,,,,
1233958,2020/21,2020-12-11,Basin Reserve,2,44.5,West Indies,New Zealand,JO Holder,J Blackwood,KA Jamieson,1,0,,,,,,,,,
1233958,2020/21,2020-12-11,Basin Reserve,2,44.6,West Indies,New Zealand,J Blackwood,JO Holder,KA Jamieson,0,0,,,,,,,,,
1233958,2020/21,2020-12-11,Basin Reserve,2,45.1,West Indies,New Zealand,JO Holder,J Blackwood,TG Southee,0,0,,,,,,,,,
1233958,2020/21,2020-12-11,Basin Reserve,2,45.2,West Indies,New Zealand,JO Holder,J Blackwood,TG Southee,1,0,,,,,,,,,
1233958,2020/21,2020-12-11,Basin Reserve,2,45.3,West Indies,New Zealand,J Blackwood,JO Holder,TG Southee,0,0,,,,,,,,,
1233958,2020/21,2020-12-11,Basin Reserve,2,45.4,West Indies,New Zealand,J Blackwood,JO Holder,TG Southee,2,0,,,,,,,,,
1233958,2020/21,2020-12-11,Basin Reserve,2,45.5,West Indies,New Zealand,J Blackwood,JO Holder,TG Southee,0,0,,,,,,,,,
1233958,2020/21,2020-12-11,Basin Reserve,2,45.6,West Indies,New Zealand,J Blackwood,JO Holder,TG Southee,0,0,,,,,,caught,J Blackwood,,
1233958,2020/21,2020-12-11,Basin Reserve,2,46.1,West Indies,New Zealand,JO Holder,J Da Silva,KA Jamieson,0,0,,,,,,,,,
1233958,2020/21,2020-12-11,Basin Reserve,2,46.2,West Indies,New Zealand,JO Holder,J Da Silva,KA Jamieson,0,0,,,,,,,,,
1233958,2020/21,2020-12-11,Basin Reserve,2,46.3,West Indies,New Zealand,JO Holder,J Da Silva,KA Jamieson,0,0,,,,,,,,,
1233958,2020/21,2020-12-11,Basin Reserve,2,46.4,West Indies,New Zealand,JO Holder,J Da Silva,KA Jamieson,4,0,,,,,,,,,
1233958,2020/21,2020-12-11,Basin Reserve,2,46.5,West Indies,New Zealand,JO Holder,J Da Silva,KA Jamieson,0,0,,,,,,,,,
1233958,2020/21,2020-12-11,Basin Reserve,2,46.6,West Indies,New Zealand,JO Holder,J Da Silva,KA Jamieson,0,0,,,,,,,,,
1233958,2020/21,2020-12-11,Basin Reserve,2,47.1,West Indies,New Zealand,J Da Silva,JO Holder,TG Southee,0,0,,,,,,,,,
1233958,2020/21,2020-12-11,Basin Reserve,2,47.2,West Indies,New Zealand,J Da Silva,JO Holder,TG Southee,0,0,,,,,,,,,
1233958,2020/21,2020-12-11,Basin Reserve,2,47.3,West Indies,New Zealand,J Da Silva,JO Holder,TG Southee,0,0,,,,,,,,,
1233958,2020/21,2020-12-11,Basin Reserve,2,47.4,West Indies,New Zealand,J Da Silva,JO Holder,TG Southee,0,0,,,,,,,,,
1233958,2020/21,2020-12-11,Basin Reserve,2,47.5,West Indies,New Zealand,J Da Silva,JO Holder,TG Southee,0,0,,,,,,,,,
1233958,2020/21,2020-12-11,Basin Reserve,2,47.6,West Indies,New Zealand,J Da Silva,JO Holder,TG Southee,0,0,,,,,,,,,
1233958,2020/21,2020-12-11,Basin Reserve,2,48.1,West Indies,New Zealand,JO Holder,J Da Silva,KA Jamieson,2,0,,,,,,,,,
1233958,2020/21,2020-12-11,Basin Reserve,2,48.2,West Indies,New Zealand,JO Holder,J Da Silva,KA Jamieson,0,0,,,,,,,,,
1233958,2020/21,2020-12-11,Basin Reserve,2,48.3,West Indies,New Zealand,JO Holder,J Da Silva,KA Jamieson,0,0,,,,,,caught,JO Holder,,
1233958,2020/21,2020-12-11,Basin Reserve,2,48.4,West Indies,New Zealand,AS Joseph,J Da Silva,KA Jamieson,0,0,,,,,,,,,
1233958,2020/21,2020-12-11,Basin Reserve,2,48.5,West Indies,New Zealand,AS Joseph,J Da Silva,KA Jamieson,0,0,,,,,,,,,
1233958,2020/21,2020-12-11,Basin Reserve,2,48.6,West Indies,New Zealand,AS Joseph,J Da Silva,KA Jamieson,0,0,,,,,,caught,AS Joseph,,
1233958,2020/21,2020-12-11,Basin Reserve,2,49.1,West Indies,New Zealand,J Da Silva,CK Holder,TG Southee,1,0,,,,,,,,,
1233958,2020/21,2020-12-11,Basin Reserve,2,49.2,West Indies,New Zealand,CK Holder,J Da Silva,TG Southee,0,0,,,,,,,,,
1233958,2020/21,2020-12-11,Basin Reserve,2,49.3,West Indies,New Zealand,CK Holder,J Da Silva,TG Southee,0,0,,,,,,,,,
1233958,2020/21,2020-12-11,Basin Reserve,2,49.4,West Indies,New Zealand,CK Holder,J Da Silva,TG Southee,0,0,,,,,,,,,
1233958,2020/21,2020-12-11,Basin Reserve,2,49.5,West Indies,New Zealand,CK Holder,J Da Silva,TG Southee,2,0,,,,,,,,,
1233958,2020/21,2020-12-11,Basin Reserve,2,49.6,West Indies,New Zealand,CK Holder,J Da Silva,TG Southee,0,0,,,,,,,,,
1233958,2020/21,2020-12-11,Basin Reserve,2,50.1,West Indies,New Zealand,J Da Silva,CK Holder,KA Jamieson,0,0,,,,,,,,,
1233958,2020/21,2020-12-11,Basin Reserve,2,50.2,West Indies,New Zealand,J Da Silva,CK Holder,KA Jamieson,0,0,,,,,,,,,
1233958,2020/21,2020-12-11,Basin Reserve,2,50.3,West Indies,New Zealand,J Da Silva,CK Holder,KA Jamieson,1,0,,,,,,,,,
1233958,2020/21,2020-12-11,Basin Reserve,2,50.4,West Indies,New Zealand,CK Holder,J Da Silva,KA Jamieson,1,0,,,,,,,,,
1233958,2020/21,2020-12-11,Basin Reserve,2,50.5,West Indies,New Zealand,J Da Silva,CK Holder,KA Jamieson,0,0,,,,,,,,,
1233958,2020/21,2020-12-11,Basin Reserve,2,50.6,West Indies,New Zealand,J Da Silva,CK Holder,KA Jamieson,0,0,,,,,,,,,
1233958,2020/21,2020-12-11,Basin Reserve,2,51.1,West Indies,New Zealand,CK Holder,J Da Silva,TG Southee,0,0,,,,,,,,,
1233958,2020/21,2020-12-11,Basin Reserve,2,51.2,West Indies,New Zealand,CK Holder,J Da Silva,TG Southee,0,0,,,,,,,,,
1233958,2020/21,2020-12-11,Basin Reserve,2,51.3,West Indies,New Zealand,CK Holder,J Da Silva,TG Southee,0,0,,,,,,,,,
1233958,2020/21,2020-12-11,Basin Reserve,2,51.4,West Indies,New Zealand,CK Holder,J Da Silva,TG Southee,0,0,,,,,,,,,
1233958,2020/21,2020-12-11,Basin Reserve,2,51.5,West Indies,New Zealand,CK Holder,J Da Silva,TG Southee,0,0,,,,,,,,,
1233958,2020/21,2020-12-11,Basin Reserve,2,51.6,West Indies,New Zealand,CK Holder,J Da Silva,TG Southee,2,0,,,,,,,,,
1233958,2020/21,2020-12-11,Basin Reserve,2,52.1,West Indies,New Zealand,J Da Silva,CK Holder,N Wagner,0,0,,,,,,,,,
1233958,2020/21,2020-12-11,Basin Reserve,2,52.2,West Indies,New Zealand,J Da Silva,CK Holder,N Wagner,0,0,,,,,,,,,
1233958,2020/21,2020-12-11,Basin Reserve,2,52.3,West Indies,New Zealand,J Da Silva,CK Holder,N Wagner,0,0,,,,,,,,,
1233958,2020/21,2020-12-11,Basin Reserve,2,52.4,West Indies,New Zealand,J Da Silva,CK Holder,N Wagner,0,1,,1,,,,,,,
1233958,2020/21,2020-12-11,Basin Reserve,2,52.5,West Indies,New Zealand,J Da Silva,CK Holder,N Wagner,0,0,,,,,,,,,
1233958,2020/21,2020-12-11,Basin Reserve,2,52.6,West Indies,New Zealand,J Da Silva,CK Holder,N Wagner,1,0,,,,,,,,,
1233958,2020/21,2020-12-11,Basin Reserve,2,52.7,West Indies,New Zealand,CK Holder,J Da Silva,N Wagner,0,0,,,,,,,,,
1233958,2020/21,2020-12-11,Basin Reserve,2,53.1,West Indies,New Zealand,J Da Silva,CK Holder,TA Boult,0,0,,,,,,,,,
1233958,2020/21,2020-12-11,Basin Reserve,2,53.2,West Indies,New Zealand,J Da Silva,CK Holder,TA Boult,0,0,,,,,,,,,
1233958,2020/21,2020-12-11,Basin Reserve,2,53.3,West Indies,New Zealand,J Da Silva,CK Holder,TA Boult,0,0,,,,,,,,,
1233958,2020/21,2020-12-11,Basin Reserve,2,53.4,West Indies,New Zealand,J Da Silva,CK Holder,TA Boult,0,0,,,,,,,,,
1233958,2020/21,2020-12-11,Basin Reserve,2,53.5,West Indies,New Zealand,J Da Silva,CK Holder,TA Boult,0,0,,,,,,,,,
1233958,2020/21,2020-12-11,Basin Reserve,2,53.6,West Indies,New Zealand,J Da Silva,CK Holder,TA Boult,0,0,,,,,,,,,
1233958,2020/21,2020-12-11,Basin Reserve,2,54.1,West Indies,New Zealand,CK Holder,J Da Silva,TG Southee,0,0,,,,,,,,,
1233958,2020/21,2020-12-11,Basin Reserve,2,54.2,West Indies,New Zealand,CK Holder,J Da Silva,TG Southee,0,0,,,,,,,,,
1233958,2020/21,2020-12-11,Basin Reserve,2,54.3,West Indies,New Zealand,CK Holder,J Da Silva,TG Southee,1,0,,,,,,,,,
1233958,2020/21,2020-12-11,Basin Reserve,2,54.4,West Indies,New Zealand,J Da Silva,CK Holder,TG Southee,0,0,,,,,,caught,J Da Silva,,
1233958,2020/21,2020-12-11,Basin Reserve,2,54.5,West Indies,New Zealand,ST Gabriel,CK Holder,TG Southee,0,0,,,,,,,,,
1233958,2020/21,2020-12-11,Basin Reserve,2,54.6,West Indies,New Zealand,ST Gabriel,CK Holder,TG Southee,0,0,,,,,,,,,
1233958,2020/21,2020-12-11,Basin Reserve,2,55.1,West Indies,New Zealand,CK Holder,ST Gabriel,TA Boult,0,0,,,,,,,,,
1233958,2020/21,2020-12-11,Basin Reserve,2,55.2,West Indies,New Zealand,CK Holder,ST Gabriel,TA Boult,0,0,,,,,,,,,
1233958,2020/21,2020-12-11,Basin Reserve,2,55.3,West Indies,New Zealand,CK Holder,ST Gabriel,TA Boult,2,0,,,,,,,,,
1233958,2020/21,2020-12-11,Basin Reserve,2,55.4,West Indies,New Zealand,CK Holder,ST Gabriel,TA Boult,0,0,,,,,,,,,
1233958,2020/21,2020-12-11,Basin Reserve,2,55.5,West Indies,New Zealand,CK Holder,ST Gabriel,TA Boult,0,0,,,,,,,,,
1233958,2020/21,2020-12-11,Basin Reserve,2,55.6,West Indies,New Zealand,CK Holder,ST Gabriel,TA Boult,0,0,,,,,,,,,
1233958,2020/21,2020-12-11,Basin Reserve,2,56.1,West Indies,New Zealand,ST Gabriel,CK Holder,TG Southee,0,0,,,,,,,,,
1233958,2020/21,2020-12-11,Basin Reserve,2,56.2,West Indies,New Zealand,ST Gabriel,CK Holder,TG Southee,2,0,,,,,,,,,
1233958,2020/21,2020-12-11,Basin Reserve,2,56.3,West Indies,New Zealand,ST Gabriel,CK Holder,TG Southee,0,0,,,,,,,,,
1233958,2020/21,2020-12-11,Basin Reserve,2,56.4,West Indies,New Zealand,ST Gabriel,CK Holder,TG Southee,0,0,,,,,,bowled,ST Gabriel,,
1233958,2020/21,2020-12-11,Basin Reserve,3,0.1,West Indies,New Zealand,KC Brathwaite,JD Campbell,TG Southee,0,0,,,,,,,,,
1233958,2020/21,2020-12-11,Basin Reserve,3,0.2,West Indies,New Zealand,KC Brathwaite,JD Campbell,TG Southee,0,0,,,,,,,,,
1233958,2020/21,2020-12-11,Basin Reserve,3,0.3,West Indies,New Zealand,KC Brathwaite,JD Campbell,TG Southee,0,0,,,,,,,,,
1233958,2020/21,2020-12-11,Basin Reserve,3,0.4,West Indies,New Zealand,KC Brathwaite,JD Campbell,TG Southee,0,0,,,,,,,,,
1233958,2020/21,2020-12-11,Basin Reserve,3,0.5,West Indies,New Zealand,KC Brathwaite,JD Campbell,TG Southee,0,0,,,,,,,,,
1233958,2020/21,2020-12-11,Basin Reserve,3,0.6,West Indies,New Zealand,KC Brathwaite,JD Campbell,TG Southee,0,0,,,,,,,,,
1233958,2020/21,2020-12-11,Basin Reserve,3,1.1,West Indies,New Zealand,JD Campbell,KC Brathwaite,TA Boult,2,0,,,,,,,,,
1233958,2020/21,2020-12-11,Basin Reserve,3,1.2,West Indies,New Zealand,JD Campbell,KC Brathwaite,TA Boult,0,0,,,,,,,,,
1233958,2020/21,2020-12-11,Basin Reserve,3,1.3,West Indies,New Zealand,JD Campbell,KC Brathwaite,TA Boult,0,0,,,,,,,,,
1233958,2020/21,2020-12-11,Basin Reserve,3,1.4,West Indies,New Zealand,JD Campbell,KC Brathwaite,TA Boult,1,0,,,,,,,,,
1233958,2020/21,2020-12-11,Basin Reserve,3,1.5,West Indies,New Zealand,KC Brathwaite,JD Campbell,TA Boult,0,0,,,,,,,,,
1233958,2020/21,2020-12-11,Basin Reserve,3,1.6,West Indies,New Zealand,KC Brathwaite,JD Campbell,TA Boult,1,0,,,,,,,,,
1233958,2020/21,2020-12-11,Basin Reserve,3,2.1,West Indies,New Zealand,KC Brathwaite,JD Campbell,TG Southee,0,0,,,,,,,,,
1233958,2020/21,2020-12-11,Basin Reserve,3,2.2,West Indies,New Zealand,KC Brathwaite,JD Campbell,TG Southee,0,0,,,,,,,,,
1233958,2020/21,2020-12-11,Basin Reserve,3,2.3,West Indies,New Zealand,KC Brathwaite,JD Campbell,TG Southee,0,0,,,,,,,,,
1233958,2020/21,2020-12-11,Basin Reserve,3,2.4,West Indies,New Zealand,KC Brathwaite,JD Campbell,TG Southee,0,0,,,,,,,,,
1233958,2020/21,2020-12-11,Basin Reserve,3,2.5,West Indies,New Zealand,KC Brathwaite,JD Campbell,TG Southee,0,0,,,,,,,,,
1233958,2020/21,2020-12-11,Basin Reserve,3,2.6,West Indies,New Zealand,KC Brathwaite,JD Campbell,TG Southee,0,0,,,,,,,,,
1233958,2020/21,2020-12-11,Basin Reserve,3,3.1,West Indies,New Zealand,JD Campbell,KC Brathwaite,TA Boult,0,0,,,,,,,,,
1233958,2020/21,2020-12-11,Basin Reserve,3,3.2,West Indies,New Zealand,JD Campbell,KC Brathwaite,TA Boult,0,0,,,,,,,,,
1233958,2020/21,2020-12-11,Basin Reserve,3,3.3,West Indies,New Zealand,JD Campbell,KC Brathwaite,TA Boult,0,0,,,,,,,,,
1233958,2020/21,2020-12-11,Basin Reserve,3,3.4,West Indies,New Zealand,JD Campbell,KC Brathwaite,TA Boult,0,0,,,,,,,,,
1233958,2020/21,2020-12-11,Basin Reserve,3,3.5,West Indies,New Zealand,JD Campbell,KC Brathwaite,TA Boult,0,0,,,,,,,,,
1233958,2020/21,2020-12-11,Basin Reserve,3,3.6,West Indies,New Zealand,JD Campbell,KC Brathwaite,TA Boult,0,0,,,,,,,,,
1233958,2020/21,2020-12-11,Basin Reserve,3,4.1,West Indies,New Zealand,KC Brathwaite,JD Campbell,TG Southee,0,0,,,,,,,,,
1233958,2020/21,2020-12-11,Basin Reserve,3,4.2,West Indies,New Zealand,KC Brathwaite,JD Campbell,TG Southee,0,0,,,,,,,,,
1233958,2020/21,2020-12-11,Basin Reserve,3,4.3,West Indies,New Zealand,KC Brathwaite,JD Campbell,TG Southee,0,0,,,,,,,,,
1233958,2020/21,2020-12-11,Basin Reserve,3,4.4,West Indies,New Zealand,KC Brathwaite,JD Campbell,TG Southee,0,0,,,,,,,,,
1233958,2020/21,2020-12-11,Basin Reserve,3,4.5,West Indies,New Zealand,KC Brathwaite,JD Campbell,TG Southee,0,0,,,,,,,,,
1233958,2020/21,2020-12-11,Basin Reserve,3,4.6,West Indies,New Zealand,KC Brathwaite,JD Campbell,TG Southee,4,0,,,,,,,,,
1233958,2020/21,2020-12-11,Basin Reserve,3,5.1,West Indies,New Zealand,JD Campbell,KC Brathwaite,TA Boult,3,0,,,,,,,,,
1233958,2020/21,2020-12-11,Basin Reserve,3,5.2,West Indies,New Zealand,KC Brathwaite,JD Campbell,TA Boult,0,0,,,,,,,,,
1233958,2020/21,2020-12-11,Basin Reserve,3,5.3,West Indies,New Zealand,KC Brathwaite,JD Campbell,TA Boult,0,0,,,,,,,,,
1233958,2020/21,2020-12-11,Basin Reserve,3,5.4,West Indies,New Zealand,KC Brathwaite,JD Campbell,TA Boult,2,0,,,,,,,,,
1233958,2020/21,2020-12-11,Basin Reserve,3,5.5,West Indies,New Zealand,KC Brathwaite,JD Campbell,TA Boult,1,0,,,,,,,,,
1233958,2020/21,2020-12-11,Basin Reserve,3,5.6,West Indies,New Zealand,JD Campbell,KC Brathwaite,TA Boult,0,0,,,,,,,,,
1233958,2020/21,2020-12-11,Basin Reserve,3,6.1,West Indies,New Zealand,KC Brathwaite,JD Campbell,KA Jamieson,0,0,,,,,,,,,
1233958,2020/21,2020-12-11,Basin Reserve,3,6.2,West Indies,New Zealand,KC Brathwaite,JD Campbell,KA Jamieson,0,0,,,,,,,,,
1233958,2020/21,2020-12-11,Basin Reserve,3,6.3,West Indies,New Zealand,KC Brathwaite,JD Campbell,KA Jamieson,0,0,,,,,,,,,
1233958,2020/21,2020-12-11,Basin Reserve,3,6.4,West Indies,New Zealand,KC Brathwaite,JD Campbell,KA Jamieson,0,0,,,,,,,,,
1233958,2020/21,2020-12-11,Basin Reserve,3,6.5,West Indies,New Zealand,KC Brathwaite,JD Campbell,KA Jamieson,0,0,,,,,,,,,
1233958,2020/21,2020-12-11,Basin Reserve,3,6.6,West Indies,New Zealand,KC Brathwaite,JD Campbell,KA Jamieson,2,0,,,,,,,,,
1233958,2020/21,2020-12-11,Basin Reserve,3,7.1,West Indies,New Zealand,JD Campbell,KC Brathwaite,TA Boult,0,0,,,,,,,,,
1233958,2020/21,2020-12-11,Basin Reserve,3,7.2,West Indies,New Zealand,JD Campbell,KC Brathwaite,TA Boult,0,0,,,,,,,,,
1233958,2020/21,2020-12-11,Basin Reserve,3,7.3,West Indies,New Zealand,JD Campbell,KC Brathwaite,TA Boult,0,0,,,,,,,,,
1233958,2020/21,2020-12-11,Basin Reserve,3,7.4,West Indies,New Zealand,JD Campbell,KC Brathwaite,TA Boult,2,0,,,,,,,,,
1233958,2020/21,2020-12-11,Basin Reserve,3,7.5,West Indies,New Zealand,JD Campbell,KC Brathwaite,TA Boult,4,0,,,,,,,,,
1233958,2020/21,2020-12-11,Basin Reserve,3,7.6,West Indies,New Zealand,JD Campbell,KC Brathwaite,TA Boult,0,0,,,,,,,,,
1233958,2020/21,2020-12-11,Basin Reserve,3,8.1,West Indies,New Zealand,KC Brathwaite,JD Campbell,KA Jamieson,0,0,,,,,,,,,
1233958,2020/21,2020-12-11,Basin Reserve,3,8.2,West Indies,New Zealand,KC Brathwaite,JD Campbell,KA Jamieson,0,0,,,,,,,,,
1233958,2020/21,2020-12-11,Basin Reserve,3,8.3,West Indies,New Zealand,KC Brathwaite,JD Campbell,KA Jamieson,4,0,,,,,,,,,
1233958,2020/21,2020-12-11,Basin Reserve,3,8.4,West Indies,New Zealand,KC Brathwaite,JD Campbell,KA Jamieson,0,0,,,,,,,,,
1233958,2020/21,2020-12-11,Basin Reserve,3,8.5,West Indies,New Zealand,KC Brathwaite,JD Campbell,KA Jamieson,0,0,,,,,,,,,
1233958,2020/21,2020-12-11,Basin Reserve,3,8.6,West Indies,New Zealand,KC Brathwaite,JD Campbell,KA Jamieson,4,0,,,,,,,,,
1233958,2020/21,2020-12-11,Basin Reserve,3,9.1,West Indies,New Zealand,JD Campbell,KC Brathwaite,TA Boult,0,0,,,,,,,,,
1233958,2020/21,2020-12-11,Basin Reserve,3,9.2,West Indies,New Zealand,JD Campbell,KC Brathwaite,TA Boult,1,0,,,,,,,,,
1233958,2020/21,2020-12-11,Basin Reserve,3,9.3,West Indies,New Zealand,KC Brathwaite,JD Campbell,TA Boult,2,0,,,,,,,,,
1233958,2020/21,2020-12-11,Basin Reserve,3,9.4,West Indies,New Zealand,KC Brathwaite,JD Campbell,TA Boult,1,0,,,,,,,,,
1233958,2020/21,2020-12-11,Basin Reserve,3,9.5,West Indies,New Zealand,JD Campbell,KC Brathwaite,TA Boult,0,0,,,,,,,,,
1233958,2020/21,2020-12-11,Basin Reserve,3,9.6,West Indies,New Zealand,JD Campbell,KC Brathwaite,TA Boult,0,0,,,,,,,,,
1233958,2020/21,2020-12-11,Basin Reserve,3,10.1,West Indies,New Zealand,KC Brathwaite,JD Campbell,KA Jamieson,0,0,,,,,,,,,
1233958,2020/21,2020-12-11,Basin Reserve,3,10.2,West Indies,New Zealand,KC Brathwaite,JD Campbell,KA Jamieson,0,0,,,,,,,,,
1233958,2020/21,2020-12-11,Basin Reserve,3,10.3,West Indies,New Zealand,KC Brathwaite,JD Campbell,KA Jamieson,3,0,,,,,,,,,
1233958,2020/21,2020-12-11,Basin Reserve,3,10.4,West Indies,New Zealand,JD Campbell,KC Brathwaite,KA Jamieson,0,0,,,,,,,,,
1233958,2020/21,2020-12-11,Basin Reserve,3,10.5,West Indies,New Zealand,JD Campbell,KC Brathwaite,KA Jamieson,0,0,,,,,,,,,
1233958,2020/21,2020-12-11,Basin Reserve,3,10.6,West Indies,New Zealand,JD Campbell,KC Brathwaite,KA Jamieson,0,0,,,,,,,,,
1233958,2020/21,2020-12-11,Basin Reserve,3,11.1,West Indies,New Zealand,KC Brathwaite,JD Campbell,TA Boult,0,0,,,,,,caught,KC Brathwaite,,
1233958,2020/21,2020-12-11,Basin Reserve,3,11.2,West Indies,New Zealand,DM Bravo,JD Campbell,TA Boult,4,0,,,,,,,,,
1233958,2020/21,2020-12-11,Basin Reserve,3,11.3,West Indies,New Zealand,DM Bravo,JD Campbell,TA Boult,0,0,,,,,,,,,
1233958,2020/21,2020-12-11,Basin Reserve,3,11.4,West Indies,New Zealand,DM Bravo,JD Campbell,TA Boult,0,0,,,,,,caught,DM Bravo,,
1233958,2020/21,2020-12-11,Basin Reserve,3,11.5,West Indies,New Zealand,SSJ Brooks,JD Campbell,TA Boult,0,0,,,,,,,,,
1233958,2020/21,2020-12-11,Basin Reserve,3,11.6,West Indies,New Zealand,SSJ Brooks,JD Campbell,TA Boult,0,0,,,,,,,,,
1233958,2020/21,2020-12-11,Basin Reserve,3,12.1,West Indies,New Zealand,JD Campbell,SSJ Brooks,KA Jamieson,0,0,,,,,,,,,
1233958,2020/21,2020-12-11,Basin Reserve,3,12.2,West Indies,New Zealand,JD Campbell,SSJ Brooks,KA Jamieson,4,0,,,,,,,,,
1233958,2020/21,2020-12-11,Basin Reserve,3,12.3,West Indies,New Zealand,JD Campbell,SSJ Brooks,KA Jamieson,0,0,,,,,,,,,
1233958,2020/21,2020-12-11,Basin Reserve,3,12.4,West Indies,New Zealand,JD Campbell,SSJ Brooks,KA Jamieson,0,0,,,,,,,,,
1233958,2020/21,2020-12-11,Basin Reserve,3,12.5,West Indies,New Zealand,JD Campbell,SSJ Brooks,KA Jamieson,0,0,,,,,,,,,
1233958,2020/21,2020-12-11,Basin Reserve,3,12.6,West Indies,New Zealand,JD Campbell,SSJ Brooks,KA Jamieson,4,0,,,,,,,,,
1233958,2020/21,2020-12-11,Basin Reserve,3,13.1,West Indies,New Zealand,SSJ Brooks,JD Campbell,TA Boult,2,0,,,,,,,,,
1233958,2020/21,2020-12-11,Basin Reserve,3,13.2,West Indies,New Zealand,SSJ Brooks,JD Campbell,TA Boult,2,0,,,,,,,,,
1233958,2020/21,2020-12-11,Basin Reserve,3,13.3,West Indies,New Zealand,SSJ Brooks,JD Campbell,TA Boult,0,0,,,,,,,,,
1233958,2020/21,2020-12-11,Basin Reserve,3,13.4,West Indies,New Zealand,SSJ Brooks,JD Campbell,TA Boult,2,0,,,,,,,,,
1233958,2020/21,2020-12-11,Basin Reserve,3,13.5,West Indies,New Zealand,SSJ Brooks,JD Campbell,TA Boult,0,0,,,,,,,,,
1233958,2020/21,2020-12-11,Basin Reserve,3,13.6,West Indies,New Zealand,SSJ Brooks,JD Campbell,TA Boult,4,0,,,,,,,,,
1233958,2020/21,2020-12-11,Basin Reserve,3,14.1,West Indies,New Zealand,JD Campbell,SSJ Brooks,KA Jamieson,0,0,,,,,,,,,
1233958,2020/21,2020-12-11,Basin Reserve,3,14.2,West Indies,New Zealand,JD Campbell,SSJ Brooks,KA Jamieson,0,0,,,,,,,,,
1233958,2020/21,2020-12-11,Basin Reserve,3,14.3,West Indies,New Zealand,JD Campbell,SSJ Brooks,KA Jamieson,0,0,,,,,,,,,
1233958,2020/21,2020-12-11,Basin Reserve,3,14.4,West Indies,New Zealand,JD Campbell,SSJ Brooks,KA Jamieson,0,0,,,,,,,,,
1233958,2020/21,2020-12-11,Basin Reserve,3,14.5,West Indies,New Zealand,JD Campbell,SSJ Brooks,KA Jamieson,0,0,,,,,,,,,
1233958,2020/21,2020-12-11,Basin Reserve,3,14.6,West Indies,New Zealand,JD Campbell,SSJ Brooks,KA Jamieson,0,0,,,,,,,,,
1233958,2020/21,2020-12-11,Basin Reserve,3,15.1,West Indies,New Zealand,SSJ Brooks,JD Campbell,TG Southee,0,0,,,,,,,,,
1233958,2020/21,2020-12-11,Basin Reserve,3,15.2,West Indies,New Zealand,SSJ Brooks,JD Campbell,TG Southee,1,0,,,,,,,,,
1233958,2020/21,2020-12-11,Basin Reserve,3,15.3,West Indies,New Zealand,JD Campbell,SSJ Brooks,TG Southee,0,0,,,,,,,,,
1233958,2020/21,2020-12-11,Basin Reserve,3,15.4,West Indies,New Zealand,JD Campbell,SSJ Brooks,TG Southee,2,0,,,,,,,,,
1233958,2020/21,2020-12-11,Basin Reserve,3,15.5,West Indies,New Zealand,JD Campbell,SSJ Brooks,TG Southee,0,0,,,,,,,,,
1233958,2020/21,2020-12-11,Basin Reserve,3,15.6,West Indies,New Zealand,JD Campbell,SSJ Brooks,TG Southee,0,0,,,,,,,,,
1233958,2020/21,2020-12-11,Basin Reserve,3,16.1,West Indies,New Zealand,SSJ Brooks,JD Campbell,N Wagner,0,0,,,,,,,,,
1233958,2020/21,2020-12-11,Basin Reserve,3,16.2,West Indies,New Zealand,SSJ Brooks,JD Campbell,N Wagner,2,0,,,,,,,,,
1233958,2020/21,2020-12-11,Basin Reserve,3,16.3,West Indies,New Zealand,SSJ Brooks,JD Campbell,N Wagner,0,0,,,,,,,,,
1233958,2020/21,2020-12-11,Basin Reserve,3,16.4,West Indies,New Zealand,SSJ Brooks,JD Campbell,N Wagner,0,0,,,,,,,,,
1233958,2020/21,2020-12-11,Basin Reserve,3,16.5,West Indies,New Zealand,SSJ Brooks,JD Campbell,N Wagner,0,0,,,,,,,,,
1233958,2020/21,2020-12-11,Basin Reserve,3,16.6,West Indies,New Zealand,SSJ Brooks,JD Campbell,N Wagner,0,0,,,,,,,,,
1233958,2020/21,2020-12-11,Basin Reserve,3,17.1,West Indies,New Zealand,JD Campbell,SSJ Brooks,TG Southee,0,0,,,,,,,,,
1233958,2020/21,2020-12-11,Basin Reserve,3,17.2,West Indies,New Zealand,JD Campbell,SSJ Brooks,TG Southee,0,0,,,,,,,,,
1233958,2020/21,2020-12-11,Basin Reserve,3,17.3,West Indies,New Zealand,JD Campbell,SSJ Brooks,TG Southee,0,0,,,,,,,,,
1233958,2020/21,2020-12-11,Basin Reserve,3,17.4,West Indies,New Zealand,JD Campbell,SSJ Brooks,TG Southee,0,0,,,,,,,,,
1233958,2020/21,2020-12-11,Basin Reserve,3,17.5,West Indies,New Zealand,JD Campbell,SSJ Brooks,TG Southee,0,0,,,,,,,,,
1233958,2020/21,2020-12-11,Basin Reserve,3,17.6,West Indies,New Zealand,JD Campbell,SSJ Brooks,TG Southee,0,0,,,,,,,,,
1233958,2020/21,2020-12-11,Basin Reserve,3,18.1,West Indies,New Zealand,SSJ Brooks,JD Campbell,N Wagner,0,0,,,,,,,,,
1233958,2020/21,2020-12-11,Basin Reserve,3,18.2,West Indies,New Zealand,SSJ Brooks,JD Campbell,N Wagner,0,0,,,,,,,,,
1233958,2020/21,2020-12-11,Basin Reserve,3,18.3,West Indies,New Zealand,SSJ Brooks,JD Campbell,N Wagner,0,0,,,,,,,,,
1233958,2020/21,2020-12-11,Basin Reserve,3,18.4,West Indies,New Zealand,SSJ Brooks,JD Campbell,N Wagner,0,0,,,,,,,,,
1233958,2020/21,2020-12-11,Basin Reserve,3,18.5,West Indies,New Zealand,SSJ Brooks,JD Campbell,N Wagner,0,0,,,,,,,,,
1233958,2020/21,2020-12-11,Basin Reserve,3,18.6,West Indies,New Zealand,SSJ Brooks,JD Campbell,N Wagner,0,0,,,,,,,,,
1233958,2020/21,2020-12-11,Basin Reserve,3,19.1,West Indies,New Zealand,JD Campbell,SSJ Brooks,TG Southee,3,0,,,,,,,,,
1233958,2020/21,2020-12-11,Basin Reserve,3,19.2,West Indies,New Zealand,SSJ Brooks,JD Campbell,TG Southee,0,0,,,,,,,,,
1233958,2020/21,2020-12-11,Basin Reserve,3,19.3,West Indies,New Zealand,SSJ Brooks,JD Campbell,TG Southee,0,0,,,,,,,,,
1233958,2020/21,2020-12-11,Basin Reserve,3,19.4,West Indies,New Zealand,SSJ Brooks,JD Campbell,TG Southee,0,0,,,,,,,,,
1233958,2020/21,2020-12-11,Basin Reserve,3,19.5,West Indies,New Zealand,SSJ Brooks,JD Campbell,TG Southee,6,0,,,,,,,,,
1233958,2020/21,2020-12-11,Basin Reserve,3,19.6,West Indies,New Zealand,SSJ Brooks,JD Campbell,TG Southee,0,0,,,,,,,,,
1233958,2020/21,2020-12-11,Basin Reserve,3,20.1,West Indies,New Zealand,JD Campbell,SSJ Brooks,N Wagner,0,0,,,,,,,,,
1233958,2020/21,2020-12-11,Basin Reserve,3,20.2,West Indies,New Zealand,JD Campbell,SSJ Brooks,N Wagner,0,0,,,,,,,,,
1233958,2020/21,2020-12-11,Basin Reserve,3,20.3,West Indies,New Zealand,JD Campbell,SSJ Brooks,N Wagner,0,0,,,,,,,,,
1233958,2020/21,2020-12-11,Basin Reserve,3,20.4,West Indies,New Zealand,JD Campbell,SSJ Brooks,N Wagner,0,0,,,,,,,,,
1233958,2020/21,2020-12-11,Basin Reserve,3,20.5,West Indies,New Zealand,JD Campbell,SSJ Brooks,N Wagner,0,0,,,,,,,,,
1233958,2020/21,2020-12-11,Basin Reserve,3,20.6,West Indies,New Zealand,JD Campbell,SSJ Brooks,N Wagner,0,0,,,,,,,,,
1233958,2020/21,2020-12-11,Basin Reserve,3,21.1,West Indies,New Zealand,SSJ Brooks,JD Campbell,TG Southee,0,0,,,,,,,,,
1233958,2020/21,2020-12-11,Basin Reserve,3,21.2,West Indies,New Zealand,SSJ Brooks,JD Campbell,TG Southee,0,0,,,,,,,,,
1233958,2020/21,2020-12-11,Basin Reserve,3,21.3,West Indies,New Zealand,SSJ Brooks,JD Campbell,TG Southee,0,0,,,,,,,,,
1233958,2020/21,2020-12-11,Basin Reserve,3,21.4,West Indies,New Zealand,SSJ Brooks,JD Campbell,TG Southee,0,0,,,,,,,,,
1233958,2020/21,2020-12-11,Basin Reserve,3,21.5,West Indies,New Zealand,SSJ Brooks,JD Campbell,TG Southee,2,0,,,,,,,,,
1233958,2020/21,2020-12-11,Basin Reserve,3,21.6,West Indies,New Zealand,SSJ Brooks,JD Campbell,TG Southee,1,0,,,,,,,,,
1233958,2020/21,2020-12-11,Basin Reserve,3,22.1,West Indies,New Zealand,SSJ Brooks,JD Campbell,N Wagner,0,0,,,,,,,,,
1233958,2020/21,2020-12-11,Basin Reserve,3,22.2,West Indies,New Zealand,SSJ Brooks,JD Campbell,N Wagner,1,0,,,,,,,,,
1233958,2020/21,2020-12-11,Basin Reserve,3,22.3,West Indies,New Zealand,JD Campbell,SSJ Brooks,N Wagner,0,0,,,,,,,,,
1233958,2020/21,2020-12-11,Basin Reserve,3,22.4,West Indies,New Zealand,JD Campbell,SSJ Brooks,N Wagner,1,0,,,,,,,,,
1233958,2020/21,2020-12-11,Basin Reserve,3,22.5,West Indies,New Zealand,SSJ Brooks,JD Campbell,N Wagner,0,0,,,,,,,,,
1233958,2020/21,2020-12-11,Basin Reserve,3,22.6,West Indies,New Zealand,SSJ Brooks,JD Campbell,N Wagner,0,0,,,,,,,,,
1233958,2020/21,2020-12-11,Basin Reserve,3,23.1,West Indies,New Zealand,JD Campbell,SSJ Brooks,TG Southee,2,0,,,,,,,,,
1233958,2020/21,2020-12-11,Basin Reserve,3,23.2,West Indies,New Zealand,JD Campbell,SSJ Brooks,TG Southee,4,0,,,,,,,,,
1233958,2020/21,2020-12-11,Basin Reserve,3,23.3,West Indies,New Zealand,JD Campbell,SSJ Brooks,TG Southee,0,0,,,,,,,,,
1233958,2020/21,2020-12-11,Basin Reserve,3,23.4,West Indies,New Zealand,JD Campbell,SSJ Brooks,TG Southee,0,0,,,,,,,,,
1233958,2020/21,2020-12-11,Basin Reserve,3,23.5,West Indies,New Zealand,JD Campbell,SSJ Brooks,TG Southee,0,0,,,,,,,,,
1233958,2020/21,2020-12-11,Basin Reserve,3,23.6,West Indies,New Zealand,JD Campbell,SSJ Brooks,TG Southee,1,0,,,,,,,,,
1233958,2020/21,2020-12-11,Basin Reserve,3,24.1,West Indies,New Zealand,JD Campbell,SSJ Brooks,N Wagner,2,0,,,,,,,,,
1233958,2020/21,2020-12-11,Basin Reserve,3,24.2,West Indies,New Zealand,JD Campbell,SSJ Brooks,N Wagner,1,0,,,,,,,,,
1233958,2020/21,2020-12-11,Basin Reserve,3,24.3,West Indies,New Zealand,SSJ Brooks,JD Campbell,N Wagner,0,0,,,,,,,,,
1233958,2020/21,2020-12-11,Basin Reserve,3,24.4,West Indies,New Zealand,SSJ Brooks,JD Campbell,N Wagner,0,0,,,,,,,,,
1233958,2020/21,2020-12-11,Basin Reserve,3,24.5,West Indies,New Zealand,SSJ Brooks,JD Campbell,N Wagner,0,0,,,,,,,,,
1233958,2020/21,2020-12-11,Basin Reserve,3,24.6,West Indies,New Zealand,SSJ Brooks,JD Campbell,N Wagner,0,0,,,,,,,,,
1233958,2020/21,2020-12-11,Basin Reserve,3,25.1,West Indies,New Zealand,JD Campbell,SSJ Brooks,TG Southee,0,0,,,,,,,,,
1233958,2020/21,2020-12-11,Basin Reserve,3,25.2,West Indies,New Zealand,JD Campbell,SSJ Brooks,TG Southee,1,0,,,,,,,,,
1233958,2020/21,2020-12-11,Basin Reserve,3,25.3,West Indies,New Zealand,SSJ Brooks,JD Campbell,TG Southee,0,0,,,,,,,,,
1233958,2020/21,2020-12-11,Basin Reserve,3,25.4,West Indies,New Zealand,SSJ Brooks,JD Campbell,TG Southee,1,0,,,,,,,,,
1233958,2020/21,2020-12-11,Basin Reserve,3,25.5,West Indies,New Zealand,JD Campbell,SSJ Brooks,TG Southee,1,0,,,,,,,,,
1233958,2020/21,2020-12-11,Basin Reserve,3,25.6,West Indies,New Zealand,SSJ Brooks,JD Campbell,TG Southee,0,0,,,,,,,,,
1233958,2020/21,2020-12-11,Basin Reserve,3,26.1,West Indies,New Zealand,JD Campbell,SSJ Brooks,N Wagner,1,0,,,,,,,,,
1233958,2020/21,2020-12-11,Basin Reserve,3,26.2,West Indies,New Zealand,SSJ Brooks,JD Campbell,N Wagner,0,0,,,,,,,,,
1233958,2020/21,2020-12-11,Basin Reserve,3,26.3,West Indies,New Zealand,SSJ Brooks,JD Campbell,N Wagner,0,0,,,,,,,,,
1233958,2020/21,2020-12-11,Basin Reserve,3,26.4,West Indies,New Zealand,SSJ Brooks,JD Campbell,N Wagner,0,0,,,,,,,,,
1233958,2020/21,2020-12-11,Basin Reserve,3,26.5,West Indies,New Zealand,SSJ Brooks,JD Campbell,N Wagner,0,0,,,,,,,,,
1233958,2020/21,2020-12-11,Basin Reserve,3,26.6,West Indies,New Zealand,SSJ Brooks,JD Campbell,N Wagner,0,0,,,,,,,,,
1233958,2020/21,2020-12-11,Basin Reserve,3,27.1,West Indies,New Zealand,JD Campbell,SSJ Brooks,TG Southee,0,0,,,,,,,,,
1233958,2020/21,2020-12-11,Basin Reserve,3,27.2,West Indies,New Zealand,JD Campbell,SSJ Brooks,TG Southee,0,0,,,,,,,,,
1233958,2020/21,2020-12-11,Basin Reserve,3,27.3,West Indies,New Zealand,JD Campbell,SSJ Brooks,TG Southee,1,0,,,,,,,,,
1233958,2020/21,2020-12-11,Basin Reserve,3,27.4,West Indies,New Zealand,SSJ Brooks,JD Campbell,TG Southee,0,0,,,,,,,,,
1233958,2020/21,2020-12-11,Basin Reserve,3,27.5,West Indies,New Zealand,SSJ Brooks,JD Campbell,TG Southee,0,0,,,,,,,,,
1233958,2020/21,2020-12-11,Basin Reserve,3,27.6,West Indies,New Zealand,SSJ Brooks,JD Campbell,TG Southee,0,0,,,,,,,,,
1233958,2020/21,2020-12-11,Basin Reserve,3,28.1,West Indies,New Zealand,JD Campbell,SSJ Brooks,N Wagner,0,0,,,,,,,,,
1233958,2020/21,2020-12-11,Basin Reserve,3,28.2,West Indies,New Zealand,JD Campbell,SSJ Brooks,N Wagner,0,0,,,,,,,,,
1233958,2020/21,2020-12-11,Basin Reserve,3,28.3,West Indies,New Zealand,JD Campbell,SSJ Brooks,N Wagner,0,0,,,,,,,,,
1233958,2020/21,2020-12-11,Basin Reserve,3,28.4,West Indies,New Zealand,JD Campbell,SSJ Brooks,N Wagner,1,0,,,,,,,,,
1233958,2020/21,2020-12-11,Basin Reserve,3,28.5,West Indies,New Zealand,SSJ Brooks,JD Campbell,N Wagner,0,0,,,,,,,,,
1233958,2020/21,2020-12-11,Basin Reserve,3,28.6,West Indies,New Zealand,SSJ Brooks,JD Campbell,N Wagner,0,0,,,,,,,,,
1233958,2020/21,2020-12-11,Basin Reserve,3,29.1,West Indies,New Zealand,JD Campbell,SSJ Brooks,TG Southee,0,0,,,,,,,,,
1233958,2020/21,2020-12-11,Basin Reserve,3,29.2,West Indies,New Zealand,JD Campbell,SSJ Brooks,TG Southee,0,0,,,,,,,,,
1233958,2020/21,2020-12-11,Basin Reserve,3,29.3,West Indies,New Zealand,JD Campbell,SSJ Brooks,TG Southee,0,0,,,,,,,,,
1233958,2020/21,2020-12-11,Basin Reserve,3,29.4,West Indies,New Zealand,JD Campbell,SSJ Brooks,TG Southee,1,0,,,,,,,,,
1233958,2020/21,2020-12-11,Basin Reserve,3,29.5,West Indies,New Zealand,SSJ Brooks,JD Campbell,TG Southee,0,0,,,,,,,,,
1233958,2020/21,2020-12-11,Basin Reserve,3,29.6,West Indies,New Zealand,SSJ Brooks,JD Campbell,TG Southee,0,0,,,,,,,,,
1233958,2020/21,2020-12-11,Basin Reserve,3,30.1,West Indies,New Zealand,JD Campbell,SSJ Brooks,N Wagner,4,0,,,,,,,,,
1233958,2020/21,2020-12-11,Basin Reserve,3,30.2,West Indies,New Zealand,JD Campbell,SSJ Brooks,N Wagner,4,0,,,,,,,,,
1233958,2020/21,2020-12-11,Basin Reserve,3,30.3,West Indies,New Zealand,JD Campbell,SSJ Brooks,N Wagner,0,0,,,,,,,,,
1233958,2020/21,2020-12-11,Basin Reserve,3,30.4,West Indies,New Zealand,JD Campbell,SSJ Brooks,N Wagner,1,0,,,,,,,,,
1233958,2020/21,2020-12-11,Basin Reserve,3,30.5,West Indies,New Zealand,SSJ Brooks,JD Campbell,N Wagner,0,0,,,,,,,,,
1233958,2020/21,2020-12-11,Basin Reserve,3,30.6,West Indies,New Zealand,SSJ Brooks,JD Campbell,N Wagner,0,0,,,,,,,,,
1233958,2020/21,2020-12-11,Basin Reserve,3,31.1,West Indies,New Zealand,JD Campbell,SSJ Brooks,TG Southee,0,0,,,,,,,,,
1233958,2020/21,2020-12-11,Basin Reserve,3,31.2,West Indies,New Zealand,JD Campbell,SSJ Brooks,TG Southee,2,0,,,,,,,,,
1233958,2020/21,2020-12-11,Basin Reserve,3,31.3,West Indies,New Zealand,JD Campbell,SSJ Brooks,TG Southee,4,0,,,,,,,,,
1233958,2020/21,2020-12-11,Basin Reserve,3,31.4,West Indies,New Zealand,JD Campbell,SSJ Brooks,TG Southee,0,0,,,,,,,,,
1233958,2020/21,2020-12-11,Basin Reserve,3,31.5,West Indies,New Zealand,JD Campbell,SSJ Brooks,TG Southee,0,0,,,,,,,,,
1233958,2020/21,2020-12-11,Basin Reserve,3,31.6,West Indies,New Zealand,JD Campbell,SSJ Brooks,TG Southee,2,0,,,,,,,,,
1233958,2020/21,2020-12-11,Basin Reserve,3,32.1,West Indies,New Zealand,SSJ Brooks,JD Campbell,N Wagner,0,0,,,,,,,,,
1233958,2020/21,2020-12-11,Basin Reserve,3,32.2,West Indies,New Zealand,SSJ Brooks,JD Campbell,N Wagner,4,0,,,,,,,,,
1233958,2020/21,2020-12-11,Basin Reserve,3,32.3,West Indies,New Zealand,SSJ Brooks,JD Campbell,N Wagner,0,0,,,,,,,,,
1233958,2020/21,2020-12-11,Basin Reserve,3,32.4,West Indies,New Zealand,SSJ Brooks,JD Campbell,N Wagner,0,0,,,,,,,,,
1233958,2020/21,2020-12-11,Basin Reserve,3,32.5,West Indies,New Zealand,SSJ Brooks,JD Campbell,N Wagner,4,0,,,,,,,,,
1233958,2020/21,2020-12-11,Basin Reserve,3,32.6,West Indies,New Zealand,SSJ Brooks,JD Campbell,N Wagner,0,0,,,,,,,,,
1233958,2020/21,2020-12-11,Basin Reserve,3,33.1,West Indies,New Zealand,JD Campbell,SSJ Brooks,KA Jamieson,0,0,,,,,,,,,
1233958,2020/21,2020-12-11,Basin Reserve,3,33.2,West Indies,New Zealand,JD Campbell,SSJ Brooks,KA Jamieson,1,0,,,,,,,,,
1233958,2020/21,2020-12-11,Basin Reserve,3,33.3,West Indies,New Zealand,SSJ Brooks,JD Campbell,KA Jamieson,0,0,,,,,,,,,
1233958,2020/21,2020-12-11,Basin Reserve,3,33.4,West Indies,New Zealand,SSJ Brooks,JD Campbell,KA Jamieson,0,0,,,,,,,,,
1233958,2020/21,2020-12-11,Basin Reserve,3,33.5,West Indies,New Zealand,SSJ Brooks,JD Campbell,KA Jamieson,0,0,,,,,,,,,
1233958,2020/21,2020-12-11,Basin Reserve,3,33.6,West Indies,New Zealand,SSJ Brooks,JD Campbell,KA Jamieson,0,0,,,,,,,,,
1233958,2020/21,2020-12-11,Basin Reserve,3,34.1,West Indies,New Zealand,JD Campbell,SSJ Brooks,N Wagner,4,0,,,,,,,,,
1233958,2020/21,2020-12-11,Basin Reserve,3,34.2,West Indies,New Zealand,JD Campbell,SSJ Brooks,N Wagner,1,0,,,,,,,,,
1233958,2020/21,2020-12-11,Basin Reserve,3,34.3,West Indies,New Zealand,SSJ Brooks,JD Campbell,N Wagner,0,0,,,,,,,,,
1233958,2020/21,2020-12-11,Basin Reserve,3,34.4,West Indies,New Zealand,SSJ Brooks,JD Campbell,N Wagner,0,0,,,,,,,,,
1233958,2020/21,2020-12-11,Basin Reserve,3,34.5,West Indies,New Zealand,SSJ Brooks,JD Campbell,N Wagner,4,0,,,,,,,,,
1233958,2020/21,2020-12-11,Basin Reserve,3,34.6,West Indies,New Zealand,SSJ Brooks,JD Campbell,N Wagner,0,0,,,,,,caught,SSJ Brooks,,
1233958,2020/21,2020-12-11,Basin Reserve,3,35.1,West Indies,New Zealand,JD Campbell,RL Chase,KA Jamieson,0,0,,,,,,,,,
1233958,2020/21,2020-12-11,Basin Reserve,3,35.2,West Indies,New Zealand,JD Campbell,RL Chase,KA Jamieson,0,0,,,,,,,,,
1233958,2020/21,2020-12-11,Basin Reserve,3,35.3,West Indies,New Zealand,JD Campbell,RL Chase,KA Jamieson,0,0,,,,,,,,,
1233958,2020/21,2020-12-11,Basin Reserve,3,35.4,West Indies,New Zealand,JD Campbell,RL Chase,KA Jamieson,0,0,,,,,,,,,
1233958,2020/21,2020-12-11,Basin Reserve,3,35.5,West Indies,New Zealand,JD Campbell,RL Chase,KA Jamieson,0,0,,,,,,,,,
1233958,2020/21,2020-12-11,Basin Reserve,3,35.6,West Indies,New Zealand,JD Campbell,RL Chase,KA Jamieson,0,0,,,,,,,,,
1233958,2020/21,2020-12-11,Basin Reserve,3,36.1,West Indies,New Zealand,RL Chase,JD Campbell,N Wagner,0,0,,,,,,,,,
1233958,2020/21,2020-12-11,Basin Reserve,3,36.2,West Indies,New Zealand,RL Chase,JD Campbell,N Wagner,0,0,,,,,,,,,
1233958,2020/21,2020-12-11,Basin Reserve,3,36.3,West Indies,New Zealand,RL Chase,JD Campbell,N Wagner,0,0,,,,,,,,,
1233958,2020/21,2020-12-11,Basin Reserve,3,36.4,West Indies,New Zealand,RL Chase,JD Campbell,N Wagner,0,0,,,,,,,,,
1233958,2020/21,2020-12-11,Basin Reserve,3,36.5,West Indies,New Zealand,RL Chase,JD Campbell,N Wagner,0,0,,,,,,,,,
1233958,2020/21,2020-12-11,Basin Reserve,3,36.6,West Indies,New Zealand,RL Chase,JD Campbell,N Wagner,0,0,,,,,,,,,
1233958,2020/21,2020-12-11,Basin Reserve,3,37.1,West Indies,New Zealand,JD Campbell,RL Chase,KA Jamieson,0,0,,,,,,,,,
1233958,2020/21,2020-12-11,Basin Reserve,3,37.2,West Indies,New Zealand,JD Campbell,RL Chase,KA Jamieson,0,0,,,,,,,,,
1233958,2020/21,2020-12-11,Basin Reserve,3,37.3,West Indies,New Zealand,JD Campbell,RL Chase,KA Jamieson,1,0,,,,,,,,,
1233958,2020/21,2020-12-11,Basin Reserve,3,37.4,West Indies,New Zealand,RL Chase,JD Campbell,KA Jamieson,0,0,,,,,,caught,RL Chase,,
1233958,2020/21,2020-12-11,Basin Reserve,3,37.5,West Indies,New Zealand,J Blackwood,JD Campbell,KA Jamieson,2,0,,,,,,,,,
1233958,2020/21,2020-12-11,Basin Reserve,3,37.6,West Indies,New Zealand,J Blackwood,JD Campbell,KA Jamieson,0,0,,,,,,,,,
1233958,2020/21,2020-12-11,Basin Reserve,3,38.1,West Indies,New Zealand,JD Campbell,J Blackwood,N Wagner,0,0,,,,,,,,,
1233958,2020/21,2020-12-11,Basin Reserve,3,38.2,West Indies,New Zealand,JD Campbell,J Blackwood,N Wagner,0,0,,,,,,,,,
1233958,2020/21,2020-12-11,Basin Reserve,3,38.3,West Indies,New Zealand,JD Campbell,J Blackwood,N Wagner,1,0,,,,,,,,,
1233958,2020/21,2020-12-11,Basin Reserve,3,38.4,West Indies,New Zealand,J Blackwood,JD Campbell,N Wagner,0,0,,,,,,,,,
1233958,2020/21,2020-12-11,Basin Reserve,3,38.5,West Indies,New Zealand,J Blackwood,JD Campbell,N Wagner,0,0,,,,,,,,,
1233958,2020/21,2020-12-11,Basin Reserve,3,38.6,West Indies,New Zealand,J Blackwood,JD Campbell,N Wagner,0,0,,,,,,,,,
1233958,2020/21,2020-12-11,Basin Reserve,3,39.1,West Indies,New Zealand,JD Campbell,J Blackwood,KA Jamieson,0,0,,,,,,,,,
1233958,2020/21,2020-12-11,Basin Reserve,3,39.2,West Indies,New Zealand,JD Campbell,J Blackwood,KA Jamieson,0,0,,,,,,,,,
1233958,2020/21,2020-12-11,Basin Reserve,3,39.3,West Indies,New Zealand,JD Campbell,J Blackwood,KA Jamieson,0,0,,,,,,,,,
1233958,2020/21,2020-12-11,Basin Reserve,3,39.4,West Indies,New Zealand,JD Campbell,J Blackwood,KA Jamieson,0,0,,,,,,bowled,JD Campbell,,
1233958,2020/21,2020-12-11,Basin Reserve,3,39.5,West Indies,New Zealand,JO Holder,J Blackwood,KA Jamieson,0,0,,,,,,,,,
1233958,2020/21,2020-12-11,Basin Reserve,3,39.6,West Indies,New Zealand,JO Holder,J Blackwood,KA Jamieson,0,0,,,,,,,,,
1233958,2020/21,2020-12-11,Basin Reserve,3,40.1,West Indies,New Zealand,J Blackwood,JO Holder,TA Boult,0,0,,,,,,,,,
1233958,2020/21,2020-12-11,Basin Reserve,3,40.2,West Indies,New Zealand,J Blackwood,JO Holder,TA Boult,0,0,,,,,,,,,
1233958,2020/21,2020-12-11,Basin Reserve,3,40.3,West Indies,New Zealand,J Blackwood,JO Holder,TA Boult,0,0,,,,,,,,,
1233958,2020/21,2020-12-11,Basin Reserve,3,40.4,West Indies,New Zealand,J Blackwood,JO Holder,TA Boult,0,0,,,,,,,,,
1233958,2020/21,2020-12-11,Basin Reserve,3,40.5,West Indies,New Zealand,J Blackwood,JO Holder,TA Boult,0,0,,,,,,,,,
1233958,2020/21,2020-12-11,Basin Reserve,3,40.6,West Indies,New Zealand,J Blackwood,JO Holder,TA Boult,2,0,,,,,,,,,
1233958,2020/21,2020-12-11,Basin Reserve,3,41.1,West Indies,New Zealand,JO Holder,J Blackwood,KA Jamieson,0,0,,,,,,,,,
1233958,2020/21,2020-12-11,Basin Reserve,3,41.2,West Indies,New Zealand,JO Holder,J Blackwood,KA Jamieson,0,0,,,,,,,,,
1233958,2020/21,2020-12-11,Basin Reserve,3,41.3,West Indies,New Zealand,JO Holder,J Blackwood,KA Jamieson,0,0,,,,,,,,,
1233958,2020/21,2020-12-11,Basin Reserve,3,41.4,West Indies,New Zealand,JO Holder,J Blackwood,KA Jamieson,0,0,,,,,,,,,
1233958,2020/21,2020-12-11,Basin Reserve,3,41.5,West Indies,New Zealand,JO Holder,J Blackwood,KA Jamieson,0,0,,,,,,,,,
1233958,2020/21,2020-12-11,Basin Reserve,3,41.6,West Indies,New Zealand,JO Holder,J Blackwood,KA Jamieson,0,0,,,,,,,,,
1233958,2020/21,2020-12-11,Basin Reserve,3,42.1,West Indies,New Zealand,J Blackwood,JO Holder,TA Boult,0,0,,,,,,,,,
1233958,2020/21,2020-12-11,Basin Reserve,3,42.2,West Indies,New Zealand,J Blackwood,JO Holder,TA Boult,0,0,,,,,,,,,
1233958,2020/21,2020-12-11,Basin Reserve,3,42.3,West Indies,New Zealand,J Blackwood,JO Holder,TA Boult,0,0,,,,,,,,,
1233958,2020/21,2020-12-11,Basin Reserve,3,42.4,West Indies,New Zealand,J Blackwood,JO Holder,TA Boult,3,0,,,,,,,,,
1233958,2020/21,2020-12-11,Basin Reserve,3,42.5,West Indies,New Zealand,JO Holder,J Blackwood,TA Boult,0,0,,,,,,,,,
1233958,2020/21,2020-12-11,Basin Reserve,3,42.6,West Indies,New Zealand,JO Holder,J Blackwood,TA Boult,0,0,,,,,,,,,
1233958,2020/21,2020-12-11,Basin Reserve,3,43.1,West Indies,New Zealand,J Blackwood,JO Holder,KA Jamieson,2,0,,,,,,,,,
1233958,2020/21,2020-12-11,Basin Reserve,3,43.2,West Indies,New Zealand,J Blackwood,JO Holder,KA Jamieson,2,0,,,,,,,,,
1233958,2020/21,2020-12-11,Basin Reserve,3,43.3,West Indies,New Zealand,J Blackwood,JO Holder,KA Jamieson,0,0,,,,,,,,,
1233958,2020/21,2020-12-11,Basin Reserve,3,43.4,West Indies,New Zealand,J Blackwood,JO Holder,KA Jamieson,4,0,,,,,,,,,
1233958,2020/21,2020-12-11,Basin Reserve,3,43.5,West Indies,New Zealand,J Blackwood,JO Holder,KA Jamieson,0,0,,,,,,,,,
1233958,2020/21,2020-12-11,Basin Reserve,3,43.6,West Indies,New Zealand,J Blackwood,JO Holder,KA Jamieson,0,0,,,,,,,,,
1233958,2020/21,2020-12-11,Basin Reserve,3,44.1,West Indies,New Zealand,JO Holder,J Blackwood,TA Boult,2,0,,,,,,,,,
1233958,2020/21,2020-12-11,Basin Reserve,3,44.2,West Indies,New Zealand,JO Holder,J Blackwood,TA Boult,2,0,,,,,,,,,
1233958,2020/21,2020-12-11,Basin Reserve,3,44.3,West Indies,New Zealand,JO Holder,J Blackwood,TA Boult,2,0,,,,,,,,,
1233958,2020/21,2020-12-11,Basin Reserve,3,44.4,West Indies,New Zealand,JO Holder,J Blackwood,TA Boult,4,0,,,,,,,,,
1233958,2020/21,2020-12-11,Basin Reserve,3,44.5,West Indies,New Zealand,JO Holder,J Blackwood,TA Boult,0,0,,,,,,,,,
1233958,2020/21,2020-12-11,Basin Reserve,3,44.6,West Indies,New Zealand,JO Holder,J Blackwood,TA Boult,0,0,,,,,,,,,
1233958,2020/21,2020-12-11,Basin Reserve,3,45.1,West Indies,New Zealand,J Blackwood,JO Holder,DJ Mitchell,0,0,,,,,,,,,
1233958,2020/21,2020-12-11,Basin Reserve,3,45.2,West Indies,New Zealand,J Blackwood,JO Holder,DJ Mitchell,0,0,,,,,,,,,
1233958,2020/21,2020-12-11,Basin Reserve,3,45.3,West Indies,New Zealand,J Blackwood,JO Holder,DJ Mitchell,1,0,,,,,,,,,
1233958,2020/21,2020-12-11,Basin Reserve,3,45.4,West Indies,New Zealand,JO Holder,J Blackwood,DJ Mitchell,0,0,,,,,,,,,
1233958,2020/21,2020-12-11,Basin Reserve,3,45.5,West Indies,New Zealand,JO Holder,J Blackwood,DJ Mitchell,0,0,,,,,,,,,
1233958,2020/21,2020-12-11,Basin Reserve,3,45.6,West Indies,New Zealand,JO Holder,J Blackwood,DJ Mitchell,0,0,,,,,,,,,
1233958,2020/21,2020-12-11,Basin Reserve,3,46.1,West Indies,New Zealand,J Blackwood,JO Holder,TA Boult,0,0,,,,,,,,,
1233958,2020/21,2020-12-11,Basin Reserve,3,46.2,West Indies,New Zealand,J Blackwood,JO Holder,TA Boult,0,0,,,,,,,,,
1233958,2020/21,2020-12-11,Basin Reserve,3,46.3,West Indies,New Zealand,J Blackwood,JO Holder,TA Boult,0,0,,,,,,,,,
1233958,2020/21,2020-12-11,Basin Reserve,3,46.4,West Indies,New Zealand,J Blackwood,JO Holder,TA Boult,1,0,,,,,,,,,
1233958,2020/21,2020-12-11,Basin Reserve,3,46.5,West Indies,New Zealand,JO Holder,J Blackwood,TA Boult,4,0,,,,,,,,,
1233958,2020/21,2020-12-11,Basin Reserve,3,46.6,West Indies,New Zealand,JO Holder,J Blackwood,TA Boult,0,0,,,,,,,,,
1233958,2020/21,2020-12-11,Basin Reserve,3,47.1,West Indies,New Zealand,J Blackwood,JO Holder,TG Southee,0,0,,,,,,,,,
1233958,2020/21,2020-12-11,Basin Reserve,3,47.2,West Indies,New Zealand,J Blackwood,JO Holder,TG Southee,0,0,,,,,,,,,
1233958,2020/21,2020-12-11,Basin Reserve,3,47.3,West Indies,New Zealand,J Blackwood,JO Holder,TG Southee,0,0,,,,,,,,,
1233958,2020/21,2020-12-11,Basin Reserve,3,47.4,West Indies,New Zealand,J Blackwood,JO Holder,TG Southee,3,0,,,,,,,,,
1233958,2020/21,2020-12-11,Basin Reserve,3,47.5,West Indies,New Zealand,JO Holder,J Blackwood,TG Southee,0,0,,,,,,,,,
1233958,2020/21,2020-12-11,Basin Reserve,3,47.6,West Indies,New Zealand,JO Holder,J Blackwood,TG Southee,4,0,,,,,,,,,
1233958,2020/21,2020-12-11,Basin Reserve,3,48.1,West Indies,New Zealand,J Blackwood,JO Holder,TA Boult,0,0,,,,,,bowled,J Blackwood,,
1233958,2020/21,2020-12-11,Basin Reserve,3,48.2,West Indies,New Zealand,J Da Silva,JO Holder,TA Boult,0,0,,,,,,,,,
1233958,2020/21,2020-12-11,Basin Reserve,3,48.3,West Indies,New Zealand,J Da Silva,JO Holder,TA Boult,3,0,,,,,,,,,
1233958,2020/21,2020-12-11,Basin Reserve,3,48.4,West Indies,New Zealand,JO Holder,J Da Silva,TA Boult,0,0,,,,,,,,,
1233958,2020/21,2020-12-11,Basin Reserve,3,48.5,West Indies,New Zealand,JO Holder,J Da Silva,TA Boult,6,0,,,,,,,,,
1233958,2020/21,2020-12-11,Basin Reserve,3,48.6,West Indies,New Zealand,JO Holder,J Da Silva,TA Boult,0,0,,,,,,,,,
1233958,2020/21,2020-12-11,Basin Reserve,3,49.1,West Indies,New Zealand,J Da Silva,JO Holder,TG Southee,1,0,,,,,,,,,
1233958,2020/21,2020-12-11,Basin Reserve,3,49.2,West Indies,New Zealand,JO Holder,J Da Silva,TG Southee,6,0,,,,,,,,,
1233958,2020/21,2020-12-11,Basin Reserve,3,49.3,West Indies,New Zealand,JO Holder,J Da Silva,TG Southee,1,0,,,,,,,,,
1233958,2020/21,2020-12-11,Basin Reserve,3,49.4,West Indies,New Zealand,J Da Silva,JO Holder,TG Southee,0,0,,,,,,,,,
1233958,2020/21,2020-12-11,Basin Reserve,3,49.5,West Indies,New Zealand,J Da Silva,JO Holder,TG Southee,0,0,,,,,,,,,
1233958,2020/21,2020-12-11,Basin Reserve,3,49.6,West Indies,New Zealand,J Da Silva,JO Holder,TG Southee,0,0,,,,,,,,,
1233958,2020/21,2020-12-11,Basin Reserve,3,50.1,West Indies,New Zealand,JO Holder,J Da Silva,TA Boult,0,0,,,,,,,,,
1233958,2020/21,2020-12-11,Basin Reserve,3,50.2,West Indies,New Zealand,JO Holder,J Da Silva,TA Boult,4,0,,,,,,,,,
1233958,2020/21,2020-12-11,Basin Reserve,3,50.3,West Indies,New Zealand,JO Holder,J Da Silva,TA Boult,0,0,,,,,,,,,
1233958,2020/21,2020-12-11,Basin Reserve,3,50.4,West Indies,New Zealand,JO Holder,J Da Silva,TA Boult,0,0,,,,,,,,,
1233958,2020/21,2020-12-11,Basin Reserve,3,50.5,West Indies,New Zealand,JO Holder,J Da Silva,TA Boult,0,1,,,,1,,,,,
1233958,2020/21,2020-12-11,Basin Reserve,3,50.6,West Indies,New Zealand,J Da Silva,JO Holder,TA Boult,2,0,,,,,,,,,
1233958,2020/21,2020-12-11,Basin Reserve,3,51.1,West Indies,New Zealand,JO Holder,J Da Silva,TG Southee,0,0,,,,,,,,,
1233958,2020/21,2020-12-11,Basin Reserve,3,51.2,West Indies,New Zealand,JO Holder,J Da Silva,TG Southee,0,0,,,,,,,,,
1233958,2020/21,2020-12-11,Basin Reserve,3,51.3,West Indies,New Zealand,JO Holder,J Da Silva,TG Southee,0,0,,,,,,,,,
1233958,2020/21,2020-12-11,Basin Reserve,3,51.4,West Indies,New Zealand,JO Holder,J Da Silva,TG Southee,0,0,,,,,,,,,
1233958,2020/21,2020-12-11,Basin Reserve,3,51.5,West Indies,New Zealand,JO Holder,J Da Silva,TG Southee,0,0,,,,,,,,,
1233958,2020/21,2020-12-11,Basin Reserve,3,51.6,West Indies,New Zealand,JO Holder,J Da Silva,TG Southee,0,0,,,,,,,,,
1233958,2020/21,2020-12-11,Basin Reserve,3,52.1,West Indies,New Zealand,J Da Silva,JO Holder,TA Boult,0,0,,,,,,,,,
1233958,2020/21,2020-12-11,Basin Reserve,3,52.2,West Indies,New Zealand,J Da Silva,JO Holder,TA Boult,1,0,,,,,,,,,
1233958,2020/21,2020-12-11,Basin Reserve,3,52.3,West Indies,New Zealand,JO Holder,J Da Silva,TA Boult,0,0,,,,,,,,,
1233958,2020/21,2020-12-11,Basin Reserve,3,52.4,West Indies,New Zealand,JO Holder,J Da Silva,TA Boult,0,0,,,,,,,,,
1233958,2020/21,2020-12-11,Basin Reserve,3,52.5,West Indies,New Zealand,JO Holder,J Da Silva,TA Boult,0,0,,,,,,,,,
1233958,2020/21,2020-12-11,Basin Reserve,3,52.6,West Indies,New Zealand,JO Holder,J Da Silva,TA Boult,0,0,,,,,,,,,
1233958,2020/21,2020-12-11,Basin Reserve,3,53.1,West Indies,New Zealand,J Da Silva,JO Holder,TG Southee,0,0,,,,,,,,,
1233958,2020/21,2020-12-11,Basin Reserve,3,53.2,West Indies,New Zealand,J Da Silva,JO Holder,TG Southee,0,0,,,,,,,,,
1233958,2020/21,2020-12-11,Basin Reserve,3,53.3,West Indies,New Zealand,J Da Silva,JO Holder,TG Southee,4,0,,,,,,,,,
1233958,2020/21,2020-12-11,Basin Reserve,3,53.4,West Indies,New Zealand,J Da Silva,JO Holder,TG Southee,0,4,,,,4,,,,,
1233958,2020/21,2020-12-11,Basin Reserve,3,53.5,West Indies,New Zealand,J Da Silva,JO Holder,TG Southee,0,0,,,,,,,,,
1233958,2020/21,2020-12-11,Basin Reserve,3,53.6,West Indies,New Zealand,J Da Silva,JO Holder,TG Southee,0,0,,,,,,,,,
1233958,2020/21,2020-12-11,Basin Reserve,3,54.1,West Indies,New Zealand,JO Holder,J Da Silva,TA Boult,0,0,,,,,,,,,
1233958,2020/21,2020-12-11,Basin Reserve,3,54.2,West Indies,New Zealand,JO Holder,J Da Silva,TA Boult,0,0,,,,,,,,,
1233958,2020/21,2020-12-11,Basin Reserve,3,54.3,West Indies,New Zealand,JO Holder,J Da Silva,TA Boult,1,0,,,,,,,,,
1233958,2020/21,2020-12-11,Basin Reserve,3,54.4,West Indies,New Zealand,J Da Silva,JO Holder,TA Boult,2,0,,,,,,,,,
1233958,2020/21,2020-12-11,Basin Reserve,3,54.5,West Indies,New Zealand,J Da Silva,JO Holder,TA Boult,0,0,,,,,,,,,
1233958,2020/21,2020-12-11,Basin Reserve,3,54.6,West Indies,New Zealand,J Da Silva,JO Holder,TA Boult,0,0,,,,,,,,,
1233958,2020/21,2020-12-11,Basin Reserve,3,55.1,West Indies,New Zealand,JO Holder,J Da Silva,TG Southee,2,0,,,,,,,,,
1233958,2020/21,2020-12-11,Basin Reserve,3,55.2,West Indies,New Zealand,JO Holder,J Da Silva,TG Southee,0,0,,,,,,,,,
1233958,2020/21,2020-12-11,Basin Reserve,3,55.3,West Indies,New Zealand,JO Holder,J Da Silva,TG Southee,1,0,,,,,,,,,
1233958,2020/21,2020-12-11,Basin Reserve,3,55.4,West Indies,New Zealand,J Da Silva,JO Holder,TG Southee,0,0,,,,,,,,,
1233958,2020/21,2020-12-11,Basin Reserve,3,55.5,West Indies,New Zealand,J Da Silva,JO Holder,TG Southee,0,0,,,,,,,,,
1233958,2020/21,2020-12-11,Basin Reserve,3,55.6,West Indies,New Zealand,J Da Silva,JO Holder,TG Southee,2,0,,,,,,,,,
1233958,2020/21,2020-12-11,Basin Reserve,3,56.1,West Indies,New Zealand,JO Holder,J Da Silva,N Wagner,0,0,,,,,,,,,
1233958,2020/21,2020-12-11,Basin Reserve,3,56.2,West Indies,New Zealand,JO Holder,J Da Silva,N Wagner,0,0,,,,,,,,,
1233958,2020/21,2020-12-11,Basin Reserve,3,56.3,West Indies,New Zealand,JO Holder,J Da Silva,N Wagner,0,0,,,,,,,,,
1233958,2020/21,2020-12-11,Basin Reserve,3,56.4,West Indies,New Zealand,JO Holder,J Da Silva,N Wagner,0,0,,,,,,,,,
1233958,2020/21,2020-12-11,Basin Reserve,3,56.5,West Indies,New Zealand,JO Holder,J Da Silva,N Wagner,0,0,,,,,,,,,
1233958,2020/21,2020-12-11,Basin Reserve,3,56.6,West Indies,New Zealand,JO Holder,J Da Silva,N Wagner,0,0,,,,,,,,,
1233958,2020/21,2020-12-11,Basin Reserve,3,57.1,West Indies,New Zealand,J Da Silva,JO Holder,KA Jamieson,0,0,,,,,,,,,
1233958,2020/21,2020-12-11,Basin Reserve,3,57.2,West Indies,New Zealand,J Da Silva,JO Holder,KA Jamieson,0,0,,,,,,,,,
1233958,2020/21,2020-12-11,Basin Reserve,3,57.3,West Indies,New Zealand,J Da Silva,JO Holder,KA Jamieson,0,0,,,,,,,,,
1233958,2020/21,2020-12-11,Basin Reserve,3,57.4,West Indies,New Zealand,J Da Silva,JO Holder,KA Jamieson,0,0,,,,,,,,,
1233958,2020/21,2020-12-11,Basin Reserve,3,57.5,West Indies,New Zealand,J Da Silva,JO Holder,KA Jamieson,2,0,,,,,,,,,
1233958,2020/21,2020-12-11,Basin Reserve,3,57.6,West Indies,New Zealand,J Da Silva,JO Holder,KA Jamieson,0,0,,,,,,,,,
1233958,2020/21,2020-12-11,Basin Reserve,3,58.1,West Indies,New Zealand,JO Holder,J Da Silva,N Wagner,0,0,,,,,,,,,
1233958,2020/21,2020-12-11,Basin Reserve,3,58.2,West Indies,New Zealand,JO Holder,J Da Silva,N Wagner,4,0,,,,,,,,,
1233958,2020/21,2020-12-11,Basin Reserve,3,58.3,West Indies,New Zealand,JO Holder,J Da Silva,N Wagner,0,0,,,,,,,,,
1233958,2020/21,2020-12-11,Basin Reserve,3,58.4,West Indies,New Zealand,JO Holder,J Da Silva,N Wagner,0,0,,,,,,,,,
1233958,2020/21,2020-12-11,Basin Reserve,3,58.5,West Indies,New Zealand,JO Holder,J Da Silva,N Wagner,4,0,,,,,,,,,
1233958,2020/21,2020-12-11,Basin Reserve,3,58.6,West Indies,New Zealand,JO Holder,J Da Silva,N Wagner,0,0,,,,,,,,,
1233958,2020/21,2020-12-11,Basin Reserve,3,59.1,West Indies,New Zealand,J Da Silva,JO Holder,KA Jamieson,0,0,,,,,,,,,
1233958,2020/21,2020-12-11,Basin Reserve,3,59.2,West Indies,New Zealand,J Da Silva,JO Holder,KA Jamieson,0,0,,,,,,,,,
1233958,2020/21,2020-12-11,Basin Reserve,3,59.3,West Indies,New Zealand,J Da Silva,JO Holder,KA Jamieson,0,0,,,,,,,,,
1233958,2020/21,2020-12-11,Basin Reserve,3,59.4,West Indies,New Zealand,J Da Silva,JO Holder,KA Jamieson,0,0,,,,,,,,,
1233958,2020/21,2020-12-11,Basin Reserve,3,59.5,West Indies,New Zealand,J Da Silva,JO Holder,KA Jamieson,0,0,,,,,,,,,
1233958,2020/21,2020-12-11,Basin Reserve,3,59.6,West Indies,New Zealand,J Da Silva,JO Holder,KA Jamieson,4,0,,,,,,,,,
1233958,2020/21,2020-12-11,Basin Reserve,3,60.1,West Indies,New Zealand,JO Holder,J Da Silva,N Wagner,0,0,,,,,,,,,
1233958,2020/21,2020-12-11,Basin Reserve,3,60.2,West Indies,New Zealand,JO Holder,J Da Silva,N Wagner,0,0,,,,,,,,,
1233958,2020/21,2020-12-11,Basin Reserve,3,60.3,West Indies,New Zealand,JO Holder,J Da Silva,N Wagner,0,0,,,,,,,,,
1233958,2020/21,2020-12-11,Basin Reserve,3,60.4,West Indies,New Zealand,JO Holder,J Da Silva,N Wagner,0,0,,,,,,,,,
1233958,2020/21,2020-12-11,Basin Reserve,3,60.5,West Indies,New Zealand,JO Holder,J Da Silva,N Wagner,0,0,,,,,,,,,
1233958,2020/21,2020-12-11,Basin Reserve,3,60.6,West Indies,New Zealand,JO Holder,J Da Silva,N Wagner,1,0,,,,,,,,,
1233958,2020/21,2020-12-11,Basin Reserve,3,61.1,West Indies,New Zealand,JO Holder,J Da Silva,KA Jamieson,0,0,,,,,,,,,
1233958,2020/21,2020-12-11,Basin Reserve,3,61.2,West Indies,New Zealand,JO Holder,J Da Silva,KA Jamieson,0,0,,,,,,,,,
1233958,2020/21,2020-12-11,Basin Reserve,3,61.3,West Indies,New Zealand,JO Holder,J Da Silva,KA Jamieson,0,0,,,,,,,,,
1233958,2020/21,2020-12-11,Basin Reserve,3,61.4,West Indies,New Zealand,JO Holder,J Da Silva,KA Jamieson,0,0,,,,,,,,,
1233958,2020/21,2020-12-11,Basin Reserve,3,61.5,West Indies,New Zealand,JO Holder,J Da Silva,KA Jamieson,1,0,,,,,,,,,
1233958,2020/21,2020-12-11,Basin Reserve,3,61.6,West Indies,New Zealand,J Da Silva,JO Holder,KA Jamieson,0,0,,,,,,,,,
1233958,2020/21,2020-12-11,Basin Reserve,3,62.1,West Indies,New Zealand,JO Holder,J Da Silva,N Wagner,4,0,,,,,,,,,
1233958,2020/21,2020-12-11,Basin Reserve,3,62.2,West Indies,New Zealand,JO Holder,J Da Silva,N Wagner,0,0,,,,,,,,,
1233958,2020/21,2020-12-11,Basin Reserve,3,62.3,West Indies,New Zealand,JO Holder,J Da Silva,N Wagner,0,0,,,,,,,,,
1233958,2020/21,2020-12-11,Basin Reserve,3,62.4,West Indies,New Zealand,JO Holder,J Da Silva,N Wagner,0,0,,,,,,,,,
1233958,2020/21,2020-12-11,Basin Reserve,3,62.5,West Indies,New Zealand,JO Holder,J Da Silva,N Wagner,0,0,,,,,,,,,
1233958,2020/21,2020-12-11,Basin Reserve,3,62.6,West Indies,New Zealand,JO Holder,J Da Silva,N Wagner,4,0,,,,,,,,,
1233958,2020/21,2020-12-11,Basin Reserve,3,63.1,West Indies,New Zealand,J Da Silva,JO Holder,KA Jamieson,2,0,,,,,,,,,
1233958,2020/21,2020-12-11,Basin Reserve,3,63.2,West Indies,New Zealand,J Da Silva,JO Holder,KA Jamieson,0,1,,,1,,,,,,
1233958,2020/21,2020-12-11,Basin Reserve,3,63.3,West Indies,New Zealand,JO Holder,J Da Silva,KA Jamieson,0,0,,,,,,,,,
1233958,2020/21,2020-12-11,Basin Reserve,3,63.4,West Indies,New Zealand,JO Holder,J Da Silva,KA Jamieson,0,1,1,,,,,,,,
1233958,2020/21,2020-12-11,Basin Reserve,3,63.5,West Indies,New Zealand,JO Holder,J Da Silva,KA Jamieson,0,0,,,,,,,,,
1233958,2020/21,2020-12-11,Basin Reserve,3,63.6,West Indies,New Zealand,JO Holder,J Da Silva,KA Jamieson,0,0,,,,,,,,,
1233958,2020/21,2020-12-11,Basin Reserve,3,63.7,West Indies,New Zealand,JO Holder,J Da Silva,KA Jamieson,0,0,,,,,,,,,
1233958,2020/21,2020-12-11,Basin Reserve,3,64.1,West Indies,New Zealand,J Da Silva,JO Holder,DJ Mitchell,1,0,,,,,,,,,
1233958,2020/21,2020-12-11,Basin Reserve,3,64.2,West Indies,New Zealand,JO Holder,J Da Silva,DJ Mitchell,0,0,,,,,,,,,
1233958,2020/21,2020-12-11,Basin Reserve,3,64.3,West Indies,New Zealand,JO Holder,J Da Silva,DJ Mitchell,0,0,,,,,,,,,
1233958,2020/21,2020-12-11,Basin Reserve,3,64.4,West Indies,New Zealand,JO Holder,J Da Silva,DJ Mitchell,0,0,,,,,,,,,
1233958,2020/21,2020-12-11,Basin Reserve,3,64.5,West Indies,New Zealand,JO Holder,J Da Silva,DJ Mitchell,0,0,,,,,,,,,
1233958,2020/21,2020-12-11,Basin Reserve,3,64.6,West Indies,New Zealand,JO Holder,J Da Silva,DJ Mitchell,2,0,,,,,,,,,
1233958,2020/21,2020-12-11,Basin Reserve,3,65.1,West Indies,New Zealand,J Da Silva,JO Holder,TA Boult,0,0,,,,,,,,,
1233958,2020/21,2020-12-11,Basin Reserve,3,65.2,West Indies,New Zealand,J Da Silva,JO Holder,TA Boult,1,0,,,,,,,,,
1233958,2020/21,2020-12-11,Basin Reserve,3,65.3,West Indies,New Zealand,JO Holder,J Da Silva,TA Boult,0,0,,,,,,,,,
1233958,2020/21,2020-12-11,Basin Reserve,3,65.4,West Indies,New Zealand,JO Holder,J Da Silva,TA Boult,1,0,,,,,,,,,
1233958,2020/21,2020-12-11,Basin Reserve,3,65.5,West Indies,New Zealand,J Da Silva,JO Holder,TA Boult,0,0,,,,,,,,,
1233958,2020/21,2020-12-11,Basin Reserve,3,65.6,West Indies,New Zealand,J Da Silva,JO Holder,TA Boult,4,0,,,,,,,,,
1233958,2020/21,2020-12-11,Basin Reserve,3,66.1,West Indies,New Zealand,JO Holder,J Da Silva,TG Southee,0,0,,,,,,,,,
1233958,2020/21,2020-12-11,Basin Reserve,3,66.2,West Indies,New Zealand,JO Holder,J Da Silva,TG Southee,1,0,,,,,,,,,
1233958,2020/21,2020-12-11,Basin Reserve,3,66.3,West Indies,New Zealand,J Da Silva,JO Holder,TG Southee,2,0,,,,,,,,,
1233958,2020/21,2020-12-11,Basin Reserve,3,66.4,West Indies,New Zealand,J Da Silva,JO Holder,TG Southee,1,0,,,,,,,,,
1233958,2020/21,2020-12-11,Basin Reserve,3,66.5,West Indies,New Zealand,JO Holder,J Da Silva,TG Southee,0,0,,,,,,,,,
1233958,2020/21,2020-12-11,Basin Reserve,3,66.6,West Indies,New Zealand,JO Holder,J Da Silva,TG Southee,0,0,,,,,,bowled,JO Holder,,
1233958,2020/21,2020-12-11,Basin Reserve,3,67.1,West Indies,New Zealand,J Da Silva,AS Joseph,TA Boult,0,0,,,,,,,,,
1233958,2020/21,2020-12-11,Basin Reserve,3,67.2,West Indies,New Zealand,J Da Silva,AS Joseph,TA Boult,0,0,,,,,,,,,
1233958,2020/21,2020-12-11,Basin Reserve,3,67.3,West Indies,New Zealand,J Da Silva,AS Joseph,TA Boult,0,0,,,,,,,,,
1233958,2020/21,2020-12-11,Basin Reserve,3,67.4,West Indies,New Zealand,J Da Silva,AS Joseph,TA Boult,0,0,,,,,,,,,
1233958,2020/21,2020-12-11,Basin Reserve,3,67.5,West Indies,New Zealand,J Da Silva,AS Joseph,TA Boult,0,0,,,,,,,,,
1233958,2020/21,2020-12-11,Basin Reserve,3,67.6,West Indies,New Zealand,J Da Silva,AS Joseph,TA Boult,0,1,,,,1,,,,,
1233958,2020/21,2020-12-11,Basin Reserve,3,68.1,West Indies,New Zealand,J Da Silva,AS Joseph,TG Southee,2,0,,,,,,,,,
1233958,2020/21,2020-12-11,Basin Reserve,3,68.2,West Indies,New Zealand,J Da Silva,AS Joseph,TG Southee,1,0,,,,,,,,,
1233958,2020/21,2020-12-11,Basin Reserve,3,68.3,West Indies,New Zealand,AS Joseph,J Da Silva,TG Southee,0,0,,,,,,,,,
1233958,2020/21,2020-12-11,Basin Reserve,3,68.4,West Indies,New Zealand,AS Joseph,J Da Silva,TG Southee,0,0,,,,,,,,,
1233958,2020/21,2020-12-11,Basin Reserve,3,68.5,West Indies,New Zealand,AS Joseph,J Da Silva,TG Southee,6,0,,,,,,,,,
1233958,2020/21,2020-12-11,Basin Reserve,3,68.6,West Indies,New Zealand,AS Joseph,J Da Silva,TG Southee,4,0,,,,,,,,,
1233958,2020/21,2020-12-11,Basin Reserve,3,69.1,West Indies,New Zealand,J Da Silva,AS Joseph,TA Boult,1,0,,,,,,,,,
1233958,2020/21,2020-12-11,Basin Reserve,3,69.2,West Indies,New Zealand,AS Joseph,J Da Silva,TA Boult,0,0,,,,,,,,,
1233958,2020/21,2020-12-11,Basin Reserve,3,69.3,West Indies,New Zealand,AS Joseph,J Da Silva,TA Boult,0,0,,,,,,,,,
1233958,2020/21,2020-12-11,Basin Reserve,3,69.4,West Indies,New Zealand,AS Joseph,J Da Silva,TA Boult,4,0,,,,,,,,,
1233958,2020/21,2020-12-11,Basin Reserve,3,69.5,West Indies,New Zealand,AS Joseph,J Da Silva,TA Boult,4,0,,,,,,,,,
1233958,2020/21,2020-12-11,Basin Reserve,3,69.6,West Indies,New Zealand,AS Joseph,J Da Silva,TA Boult,0,0,,,,,,,,,
1233958,2020/21,2020-12-11,Basin Reserve,3,70.1,West Indies,New Zealand,J Da Silva,AS Joseph,TG Southee,0,0,,,,,,,,,
1233958,2020/21,2020-12-11,Basin Reserve,3,70.2,West Indies,New Zealand,J Da Silva,AS Joseph,TG Southee,0,0,,,,,,,,,
1233958,2020/21,2020-12-11,Basin Reserve,3,70.3,West Indies,New Zealand,J Da Silva,AS Joseph,TG Southee,1,0,,,,,,,,,
1233958,2020/21,2020-12-11,Basin Reserve,3,70.4,West Indies,New Zealand,AS Joseph,J Da Silva,TG Southee,6,0,,,,,,,,,
1233958,2020/21,2020-12-11,Basin Reserve,3,70.5,West Indies,New Zealand,AS Joseph,J Da Silva,TG Southee,0,0,,,,,,,,,
1233958,2020/21,2020-12-11,Basin Reserve,3,70.6,West Indies,New Zealand,AS Joseph,J Da Silva,TG Southee,0,0,,,,,,caught,AS Joseph,,
1233958,2020/21,2020-12-11,Basin Reserve,3,71.1,West Indies,New Zealand,J Da Silva,CK Holder,TA Boult,0,0,,,,,,,,,
1233958,2020/21,2020-12-11,Basin Reserve,3,71.2,West Indies,New Zealand,J Da Silva,CK Holder,TA Boult,0,0,,,,,,,,,
1233958,2020/21,2020-12-11,Basin Reserve,3,71.3,West Indies,New Zealand,J Da Silva,CK Holder,TA Boult,0,0,,,,,,,,,
1233958,2020/21,2020-12-11,Basin Reserve,3,71.4,West Indies,New Zealand,J Da Silva,CK Holder,TA Boult,2,0,,,,,,,,,
1233958,2020/21,2020-12-11,Basin Reserve,3,71.5,West Indies,New Zealand,J Da Silva,CK Holder,TA Boult,4,0,,,,,,,,,
1233958,2020/21,2020-12-11,Basin Reserve,3,71.6,West Indies,New Zealand,J Da Silva,CK Holder,TA Boult,1,0,,,,,,,,,
1233958,2020/21,2020-12-11,Basin Reserve,3,72.1,West Indies,New Zealand,J Da Silva,CK Holder,TG Southee,0,0,,,,,,,,,
1233958,2020/21,2020-12-11,Basin Reserve,3,72.2,West Indies,New Zealand,J Da Silva,CK Holder,TG Southee,4,0,,,,,,,,,
1233958,2020/21,2020-12-11,Basin Reserve,3,72.3,West Indies,New Zealand,J Da Silva,CK Holder,TG Southee,0,0,,,,,,,,,
1233958,2020/21,2020-12-11,Basin Reserve,3,72.4,West Indies,New Zealand,J Da Silva,CK Holder,TG Southee,0,0,,,,,,,,,
1233958,2020/21,2020-12-11,Basin Reserve,3,72.5,West Indies,New Zealand,J Da Silva,CK Holder,TG Southee,0,0,,,,,,,,,
1233958,2020/21,2020-12-11,Basin Reserve,3,72.6,West Indies,New Zealand,J Da Silva,CK Holder,TG Southee,1,0,,,,,,,,,
1233958,2020/21,2020-12-11,Basin Reserve,3,73.1,West Indies,New Zealand,J Da Silva,CK Holder,TA Boult,0,0,,,,,,,,,
1233958,2020/21,2020-12-11,Basin Reserve,3,73.2,West Indies,New Zealand,J Da Silva,CK Holder,TA Boult,0,0,,,,,,,,,
1233958,2020/21,2020-12-11,Basin Reserve,3,73.3,West Indies,New Zealand,J Da Silva,CK Holder,TA Boult,0,0,,,,,,,,,
1233958,2020/21,2020-12-11,Basin Reserve,3,73.4,West Indies,New Zealand,J Da Silva,CK Holder,TA Boult,0,0,,,,,,,,,
1233958,2020/21,2020-12-11,Basin Reserve,3,73.5,West Indies,New Zealand,J Da Silva,CK Holder,TA Boult,0,0,,,,,,,,,
1233958,2020/21,2020-12-11,Basin Reserve,3,73.6,West Indies,New Zealand,J Da Silva,CK Holder,TA Boult,0,0,,,,,,,,,
1233958,2020/21,2020-12-11,Basin Reserve,3,74.1,West Indies,New Zealand,CK Holder,J Da Silva,TG Southee,4,0,,,,,,,,,
1233958,2020/21,2020-12-11,Basin Reserve,3,74.2,West Indies,New Zealand,CK Holder,J Da Silva,TG Southee,0,0,,,,,,,,,
1233958,2020/21,2020-12-11,Basin Reserve,3,74.3,West Indies,New Zealand,CK Holder,J Da Silva,TG Southee,0,0,,,,,,,,,
1233958,2020/21,2020-12-11,Basin Reserve,3,74.4,West Indies,New Zealand,CK Holder,J Da Silva,TG Southee,0,0,,,,,,,,,
1233958,2020/21,2020-12-11,Basin Reserve,3,74.5,West Indies,New Zealand,CK Holder,J Da Silva,TG Southee,0,0,,,,,,,,,
1233958,2020/21,2020-12-11,Basin Reserve,3,74.6,West Indies,New Zealand,CK Holder,J Da Silva,TG Southee,0,0,,,,,,,,,
1233958,2020/21,2020-12-11,Basin Reserve,3,75.1,West Indies,New Zealand,J Da Silva,CK Holder,TA Boult,0,0,,,,,,,,,
1233958,2020/21,2020-12-11,Basin Reserve,3,75.2,West Indies,New Zealand,J Da Silva,CK Holder,TA Boult,0,0,,,,,,,,,
1233958,2020/21,2020-12-11,Basin Reserve,3,75.3,West Indies,New Zealand,J Da Silva,CK Holder,TA Boult,0,0,,,,,,,,,
1233958,2020/21,2020-12-11,Basin Reserve,3,75.4,West Indies,New Zealand,J Da Silva,CK Holder,TA Boult,1,0,,,,,,,,,
1233958,2020/21,2020-12-11,Basin Reserve,3,75.5,West Indies,New Zealand,CK Holder,J Da Silva,TA Boult,0,0,,,,,,,,,
1233958,2020/21,2020-12-11,Basin Reserve,3,75.6,West Indies,New Zealand,CK Holder,J Da Silva,TA Boult,0,0,,,,,,,,,
1233958,2020/21,2020-12-11,Basin Reserve,3,76.1,West Indies,New Zealand,J Da Silva,CK Holder,DJ Mitchell,4,0,,,,,,,,,
1233958,2020/21,2020-12-11,Basin Reserve,3,76.2,West Indies,New Zealand,J Da Silva,CK Holder,DJ Mitchell,0,0,,,,,,,,,
1233958,2020/21,2020-12-11,Basin Reserve,3,76.3,West Indies,New Zealand,J Da Silva,CK Holder,DJ Mitchell,2,0,,,,,,,,,
1233958,2020/21,2020-12-11,Basin Reserve,3,76.4,West Indies,New Zealand,J Da Silva,CK Holder,DJ Mitchell,1,0,,,,,,,,,
1233958,2020/21,2020-12-11,Basin Reserve,3,76.5,West Indies,New Zealand,CK Holder,J Da Silva,DJ Mitchell,0,0,,,,,,,,,
1233958,2020/21,2020-12-11,Basin Reserve,3,76.6,West Indies,New Zealand,CK Holder,J Da Silva,DJ Mitchell,0,0,,,,,,,,,
1233958,2020/21,2020-12-11,Basin Reserve,3,77.1,West Indies,New Zealand,J Da Silva,CK Holder,N Wagner,0,1,,1,,,,,,,
1233958,2020/21,2020-12-11,Basin Reserve,3,77.2,West Indies,New Zealand,J Da Silva,CK Holder,N Wagner,0,0,,,,,,,,,
1233958,2020/21,2020-12-11,Basin Reserve,3,77.3,West Indies,New Zealand,J Da Silva,CK Holder,N Wagner,0,0,,,,,,lbw,J Da Silva,,
1233958,2020/21,2020-12-11,Basin Reserve,3,77.4,West Indies,New Zealand,ST Gabriel,CK Holder,N Wagner,0,0,,,,,,,,,
1233958,2020/21,2020-12-11,Basin Reserve,3,77.5,West Indies,New Zealand,ST Gabriel,CK Holder,N Wagner,0,0,,,,,,,,,
1233958,2020/21,2020-12-11,Basin Reserve,3,77.6,West Indies,New Zealand,ST Gabriel,CK Holder,N Wagner,0,0,,,,,,,,,
1233958,2020/21,2020-12-11,Basin Reserve,3,77.7,West Indies,New Zealand,ST Gabriel,CK Holder,N Wagner,0,0,,,,,,,,,
1233958,2020/21,2020-12-11,Basin Reserve,3,78.1,West Indies,New Zealand,CK Holder,ST Gabriel,DJ Mitchell,4,0,,,,,,,,,
1233958,2020/21,2020-12-11,Basin Reserve,3,78.2,West Indies,New Zealand,CK Holder,ST Gabriel,DJ Mitchell,4,0,,,,,,,,,
1233958,2020/21,2020-12-11,Basin Reserve,3,78.3,West Indies,New Zealand,CK Holder,ST Gabriel,DJ Mitchell,0,0,,,,,,,,,
1233958,2020/21,2020-12-11,Basin Reserve,3,78.4,West Indies,New Zealand,CK Holder,ST Gabriel,DJ Mitchell,0,0,,,,,,,,,
1233958,2020/21,2020-12-11,Basin Reserve,3,78.5,West Indies,New Zealand,CK Holder,ST Gabriel,DJ Mitchell,1,0,,,,,,,,,
1233958,2020/21,2020-12-11,Basin Reserve,3,78.6,West Indies,New Zealand,ST Gabriel,CK Holder,DJ Mitchell,0,1,,,,1,,,,,
1233958,2020/21,2020-12-11,Basin Reserve,3,79.1,West Indies,New Zealand,ST Gabriel,CK Holder,N Wagner,0,0,,,,,,bowled,ST Gabriel,,
